Atom positions and velocities over time grids from Ground truth
 3.5940  0.6982  1.6500  1.6151  4.0765  4.2002  4.7695  2.9402  4.7196  5.1831
 3.5747  0.6956  1.6679  1.6285  4.0916  4.1863  4.7764  2.9338  4.7228  5.1752
 3.5545  0.6930  1.6863  1.6418  4.1066  4.1719  4.7834  2.9273  4.7264  5.1671
 3.5340  0.6902  1.7050  1.6548  4.1217  4.1574  4.7905  2.9208  4.7301  5.1589
 3.5132  0.6874  1.7241  1.6677  4.1368  4.1429  4.7976  2.9142  4.7338  5.1506
 3.4924  0.6845  1.7434  1.6804  4.1520  4.1285  4.8048  2.9076  4.7375  5.1422

 5.0179  0.4692  2.4724  4.2055  4.1871  5.2657  4.0318  1.8349  5.0538  0.9676
 5.0165  0.4604  2.4680  4.2154  4.1808  5.2891  4.0276  1.8509  5.0339  0.9629
 5.0151  0.4515  2.4638  4.2254  4.1748  5.3124  4.0244  1.8670  5.0137  0.9581
 5.0139  0.4427  2.4597  4.2357  4.1690  5.3355  4.0219  1.8831  4.9933  0.9533
 5.0126  0.4339  2.4558  4.2461  4.1636  5.3585  4.0199  1.8994  4.9727  0.9485
 5.0112  0.4254  2.4520  4.2568  4.1584  5.3813  4.0182  1.9159  4.9517  0.9437

 2.3993  1.4258  0.7104  5.2831  0.2299  5.0842  1.0510  2.4008  3.7238  2.4548
 2.3913  1.4098  0.7284  5.2905  0.2269  5.0732  1.0528  2.4014  3.7204  2.4407
 2.3833  1.3940  0.7459  5.2979  0.2238  5.0625  1.0547  2.4021  3.7171  2.4264
 2.3752  1.3786  0.7628  5.3055  0.2204  5.0519  1.0566  2.4027  3.7138  2.4118
 2.3671  1.3637  0.7790  5.3131  0.2167  5.0416  1.0585  2.4032  3.7105  2.3970
 2.3589  1.3491  0.7945  5.3208  0.2125  5.0314  1.0604  2.4038  3.7072  2.3818

 3.8847  5.6119  5.5214  1.8063  4.7211  1.2268  4.7802  1.1065  1.4760  1.6856
 3.8817  0.0136  5.5180  1.8004  4.7152  1.2179  4.8067  1.1080  1.4818  1.6829
 3.8787  0.0380  5.5147  1.7946  4.7089  1.2091  4.8329  1.1091  1.4880  1.6801
 3.8756  0.0624  5.5116  1.7890  4.7021  1.2004  4.8590  1.1100  1.4946  1.6771
 3.8726  0.0867  5.5083  1.7836  4.6950  1.1918  4.8850  1.1109  1.5019  1.6741
 3.8695  5.7339  5.5050  1.7784  4.6874  1.1833  4.9108  1.1118  1.5098  1.6709

 1.5883  2.9856  3.4777  2.8397  3.9895  4.4076  3.4944  4.5371  5.3671  0.7395
 1.6037  2.9919  3.4711  2.8357  4.0080  4.3935  3.5014  4.5389  5.3675  0.7429
 1.6196  2.9983  3.4645  2.8318  4.0264  4.3795  3.5083  4.5407  5.3674  0.7463
 1.6357  3.0048  3.4577  2.8279  4.0448  4.3657  3.5152  4.5426  5.3669  0.7498
 1.6519  3.0115  3.4508  2.8239  4.0632  4.3519  3.5220  4.5446  5.3661  0.7533
 1.6680  3.0182  3.4440  2.8199  4.0816  4.3384  3.5287  4.5465  5.3649  0.7569

 4.9841  4.3391  1.1224  5.4424  0.5444  1.0706  2.7815  0.4368  3.0398  5.1971
 4.9809  4.3116  1.1278  5.4206  0.5359  1.0773  2.7895  0.4468  3.0435  5.2041
 4.9777  4.2842  1.1332  5.3985  0.5279  1.0839  2.7975  0.4566  3.0472  5.2110
 4.9744  4.2571  1.1385  5.3761  0.5205  1.0904  2.8053  0.4659  3.0510  5.2178
 4.9710  4.2302  1.1437  5.3531  0.5139  1.0967  2.8128  0.4748  3.0548  5.2246
 4.9676  4.2036  1.1488  5.3294  0.5080  1.1030  2.8200  0.4830  3.0587  5.2313

 3.6020  4.3898  3.6076  4.9042  4.6266  2.0737  4.7340  1.6460  0.1485  0.7148
 3.5971  4.3932  3.6076  4.8904  4.6359  2.0931  4.7313  1.6506  0.1494  0.7309
 3.5925  4.3970  3.6078  4.8767  4.6471  2.1127  4.7291  1.6554  0.1499  0.7477
 3.5881  4.4010  3.6080  4.8628  4.6594  2.1322  4.7272  1.6602  0.1503  0.7647
 3.5839  4.4053  3.6084  4.8490  4.6724  2.1517  4.7257  1.6652  0.1504  0.7819
 3.5799  4.4099  3.6089  4.8352  4.6859  2.1713  4.7242  1.6702  0.1502  0.7989

 2.2353  5.2723  5.6060  1.0001  2.2343  1.6292  0.2028  3.0997  1.4053  3.6220
 2.2425  5.2693  5.6000  0.9923  2.2458  1.6448  0.2005  3.1050  1.4108  3.6168
 2.2498  5.2662  5.5934  0.9848  2.2570  1.6601  0.1980  3.1105  1.4163  3.6118
 2.2572  5.2632  5.5866  0.9776  2.2680  1.6745  0.1955  3.1161  1.4218  3.6068
 2.2648  5.2602  5.5798  0.9707  2.2787  1.6874  0.1928  3.1219  1.4271  3.6020
 2.2726  5.2572  5.5731  0.9641  2.2890  1.6981  0.1901  3.1279  1.4323  3.5973

 3.7480  5.4188  4.8666  4.0131  3.4747  3.9857  3.6281  3.2619  2.6983  2.2666
 3.7439  5.4240  4.8602  4.0082  3.4796  3.9792  3.6203  3.2713  2.6889  2.2464
 3.7380  5.4293  4.8536  4.0029  3.4846  3.9724  3.6121  3.2803  2.6797  2.2264
 3.7310  5.4344  4.8470  3.9976  3.4896  3.9653  3.6036  3.2889  2.6713  2.2066
 3.7233  5.4395  4.8403  3.9922  3.4945  3.9582  3.5948  3.2971  2.6642  2.1869
 3.7153  5.4446  4.8335  3.9869  3.4995  3.9510  3.5855  3.3050  2.6594  2.1673

 5.4014  2.6633  0.3999  3.7221  4.7665  1.0234 -1.9725 -0.2616  1.8127  1.3331
 5.4106  2.6661  0.3743  3.7168  4.7615  1.0188 -2.0339 -0.2705  1.8571  1.3165
 5.4199  2.6691  0.3484  3.7115  4.7568  1.0143 -2.0677 -0.2790  1.8914  1.2988
 5.4291  2.6724  0.3224  3.7064  4.7524  1.0097 -2.0808 -0.2881  1.9186  1.2806
 5.4384  2.6759  0.2963  3.7013  4.7482  1.0051 -2.0795 -0.2981  1.9405  1.2624
 5.4477  2.6797  0.2703  3.6963  4.7442  1.0005 -2.0689 -0.3096  1.9584  1.2447

 1.5042 -1.4117  0.6963 -0.6444  0.3373 -0.7962 -0.1363 -0.8842 -0.4311  0.9947
 1.5072 -1.4413  0.7037 -0.6494  0.3653 -0.8134 -0.1300 -0.8857 -0.4147  1.0145
 1.5105 -1.4499  0.7098 -0.6554  0.3728 -0.8263 -0.1288 -0.8797 -0.3994  1.0351
 1.5137 -1.4465  0.7155 -0.6623  0.3687 -0.8362 -0.1343 -0.8615 -0.3853  1.0564
 1.5167 -1.4367  0.7216 -0.6702  0.3586 -0.8440 -0.1482 -0.8279 -0.3722  1.0783
 1.5190 -1.4235  0.7294 -0.6790  0.3458 -0.8503 -0.1724 -0.7804 -0.3603  1.1006

-0.6163  2.3314 -0.3698  1.6019 -2.0041 -0.4706 -0.8000 -1.5877  1.7780  0.7425
-0.5874  2.3178 -0.2832  1.6122 -2.0285 -0.4823 -0.8056 -1.5574  1.7205  0.7509
-0.5600  2.3051 -0.2241  1.6234 -2.0535 -0.4833 -0.8112 -1.5191  1.6552  0.7592
-0.5331  2.2933 -0.1855  1.6357 -2.0789 -0.4774 -0.8169 -1.4744  1.5848  0.7676
-0.5059  2.2826 -0.1612  1.6490 -2.1043 -0.4677 -0.8228 -1.4261  1.5134  0.7761
-0.4782  2.2730 -0.1460  1.6633 -2.1295 -0.4559 -0.8289 -1.3779  1.4449  0.7848

-0.3060 -1.0848  0.1864  0.0627 -0.3328 -1.4203 -0.2996  2.4489 -0.3325 -0.5816
-0.3270 -1.0659  0.1881  0.0607 -0.3328 -1.4456 -0.3021  2.4422 -0.3221 -0.5664
-0.3555 -1.0450  0.1898  0.0582 -0.3304 -1.4722 -0.3044  2.4356 -0.3213 -0.5508
-0.3934 -1.0232  0.1915  0.0553 -0.3270 -1.4998 -0.3063  2.4291 -0.3271 -0.5345
-0.4409 -1.0017  0.1930  0.0520 -0.3238 -1.5284 -0.3076  2.4228 -0.3371 -0.5172
-0.4939 -0.9814  0.1945  0.0482 -0.3216 -1.5577 -0.3079  2.4167 -0.3495 -0.4988

-0.6106 -0.8860  2.6380  0.1274  0.5976 -0.2770  1.5683  0.6342 -0.6598 -0.3929
-0.6507 -0.8760  2.6191  0.0999  0.6420 -0.2885  1.5996  0.6471 -0.6730 -0.3943
-0.6945 -0.8655  2.6022  0.0912  0.6967 -0.3008  1.6120  0.6588 -0.6817 -0.3950
-0.7382 -0.8548  2.5872  0.0931  0.7598 -0.3140  1.6138  0.6696 -0.6849 -0.3962
-0.7796 -0.8445  2.5740  0.1002  0.8282 -0.3281  1.6103  0.6794 -0.6811 -0.3994
-0.8172 -0.8346  2.5625  0.1096  0.8983 -0.3431  1.6043  0.6884 -0.6693 -0.4066

 1.8456 -1.4027  0.6952  0.1821  0.0166  0.3402 -0.3205 -2.7461  0.5429 -2.1918
 1.8429 -1.3907  0.6894  0.1878 -0.0306  0.3451 -0.3278 -2.7278  0.5339 -2.2223
 1.8402 -1.3779  0.6835  0.1918 -0.0687  0.3511 -0.3346 -2.7019  0.5250 -2.2708
 1.8377 -1.3646  0.6770  0.1942 -0.1007  0.3582 -0.3409 -2.6708  0.5162 -2.3368
 1.8355 -1.3511  0.6699  0.1948 -0.1288  0.3663 -0.3465 -2.6360  0.5074 -2.4170
 1.8335 -1.3373  0.6621  0.1940 -0.1546  0.3754 -0.3515 -2.5990  0.4987 -2.5064

-0.8215  0.6669  0.8025  0.9880  0.3706  0.6944 -0.4751  0.3596  0.0062 -1.3779
-0.7690  0.6538  0.7857  0.9539  0.3756  0.6866 -0.4508  0.3878  0.0195 -1.3799
-0.7028  0.6411  0.7644  0.9098  0.3808  0.6785 -0.4280  0.4167  0.0324 -1.3819
-0.6246  0.6291  0.7382  0.8574  0.3860  0.6703 -0.4065  0.4460  0.0449 -1.3840
-0.5383  0.6182  0.7075  0.7996  0.3912  0.6618 -0.3864  0.4757  0.0572 -1.3863
-0.4490  0.6085  0.6727  0.7401  0.3965  0.6531 -0.3677  0.5058  0.0694 -1.3886

 1.0249  1.9493 -0.2467  0.4713  0.0708  1.6440  0.7238 -0.3067 -0.6284 -0.7638
 1.1742  1.9521 -0.2015  0.4797  0.0467  1.6906  0.7373 -0.3040 -0.6692 -0.7364
 1.2691  1.9534 -0.1710  0.4889  0.0207  1.7084  0.7524 -0.3012 -0.6810 -0.7061
 1.3243  1.9536 -0.1520  0.4986 -0.0069  1.7100  0.7696 -0.2983 -0.6763 -0.6739
 1.3529  1.9530 -0.1420  0.5086 -0.0356  1.7033  0.7890 -0.2952 -0.6630 -0.6403
 1.3648  1.9518 -0.1389  0.5186 -0.0649  1.6929  0.8105 -0.2919 -0.6455 -0.6060

 1.1366  1.5470 -0.2405  0.5404  0.5530 -0.5108 -0.5011  0.5251 -0.6469 -0.5112
 1.1108  1.4851 -0.2492  0.5560  0.5483 -0.4990 -0.6455  0.5193 -0.6583 -0.5292
 1.0827  1.3676 -0.2591  0.5716  0.5380 -0.4873 -0.7348  0.5137 -0.6684 -0.5361
 1.0519  1.1787 -0.2703  0.5868  0.5249 -0.4757 -0.7836  0.5082 -0.6776 -0.5362
 1.0178  0.9095 -0.2830  0.6015  0.5108 -0.4642 -0.8049  0.5027 -0.6859 -0.5329
 0.9800  0.5692 -0.2972  0.6155  0.4970 -0.4528 -0.8086  0.4971 -0.6938 -0.5281

 0.4944 -0.6655 -0.8021  0.9167 -0.9326 -2.0117  0.9246  0.2906 -2.5767 -0.5282
 0.4958 -0.6911 -0.8321  0.8810 -0.8811 -1.9931  0.9259  0.3156 -2.5937 -0.5210
 0.4970 -0.7083 -0.8677  0.8445 -0.7735 -1.9762  0.9269  0.3407 -2.6026 -0.5126
 0.4981 -0.7167 -0.9079  0.8078 -0.5924 -1.9622  0.9278  0.3660 -2.6053 -0.5032
 0.4990 -0.7170 -0.9510  0.7713 -0.3277 -1.9516  0.9286  0.3914 -2.6023 -0.4931
 0.4999 -0.7114 -0.9943  0.7352  0.0125 -1.9444  0.9292  0.4169 -2.5925 -0.4826

-0.4825 -0.4573
-0.4564 -0.4577
-0.4315 -0.4582
-0.4091 -0.4587
-0.3906 -0.4591
-0.3784 -0.4596
[ CPUFloatType{6,192} ]
Atom positions and velocities over time grids from prediction
 3.5940  0.6982  1.6500  1.6151  4.0765  4.2002  4.7695  2.9402  4.7196  5.1831
 3.5727  0.6953  1.6694  1.6290  4.0925  4.1852  4.7770  2.9336  4.7235  5.1747
 3.5519  0.6924  1.6885  1.6425  4.1080  4.1706  4.7842  2.9270  4.7272  5.1665
 3.5316  0.6897  1.7072  1.6556  4.1231  4.1563  4.7913  2.9205  4.7308  5.1583
 3.5117  0.6870  1.7255  1.6682  4.1377  4.1422  4.7981  2.9140  4.7342  5.1502
 3.4924  0.6845  1.7434  1.6804  4.1520  4.1285  4.8048  2.9076  4.7375  5.1422

 5.0179  0.4692  2.4724  4.2055  4.1871  5.2657  4.0318  1.8349  5.0538  0.9676
 5.0168  0.4600  2.4682  4.2165  4.1811  5.2899  4.0290  1.8519  5.0323  0.9625
 5.0157  0.4511  2.4640  4.2271  4.1753  5.3136  4.0262  1.8684  5.0113  0.9576
 5.0143  0.4423  2.4599  4.2374  4.1696  5.3367  4.0235  1.8846  4.9909  0.9529
 5.0128  0.4338  2.4559  4.2472  4.1639  5.3593  4.0208  1.9004  4.9711  0.9482
 5.0112  0.4254  2.4520  4.2568  4.1584  5.3813  4.0182  1.9159  4.9517  0.9437

 2.3993  1.4258  0.7104  5.2831  0.2299  5.0842  1.0510  2.4008  3.7238  2.4548
 2.3909  1.4101  0.7279  5.2912  0.2262  5.0732  1.0530  2.4016  3.7204  2.4395
 2.3827  1.3945  0.7451  5.2990  0.2226  5.0625  1.0549  2.4022  3.7171  2.4246
 2.3746  1.3792  0.7619  5.3065  0.2192  5.0520  1.0568  2.4028  3.7138  2.4100
 2.3667  1.3641  0.7784  5.3138  0.2158  5.0416  1.0586  2.4033  3.7105  2.3958
 2.3589  1.3491  0.7945  5.3208  0.2125  5.0314  1.0604  2.4038  3.7072  2.3818

 3.8847  5.6119  5.5214  1.8063  4.7211  1.2268  4.7802  1.1065  1.4760  1.6856
 3.8815  5.6375  5.5181  1.8007  4.7140  1.2179  4.8075  1.1077  1.4832  1.6827
 3.8784  5.6625  5.5147  1.7950  4.7072  1.2090  4.8342  1.1088  1.4902  1.6798
 3.8754  5.6868  5.5115  1.7895  4.7004  1.2003  4.8603  1.1099  1.4969  1.6769
 3.8724  5.7106  5.5082  1.7839  4.6938  1.1917  4.8858  1.1109  1.5035  1.6739
 3.8695  5.7339  5.5050  1.7784  4.6874  1.1833  4.9108  1.1118  1.5098  1.6709

 1.5883  2.9856  3.4777  2.8397  3.9895  4.4076  3.4944  4.5371  5.3671  0.7395
 1.6052  2.9925  3.4706  2.8355  4.0089  4.3933  3.5017  4.5392  5.3668  0.7432
 1.6216  2.9993  3.4637  2.8314  4.0278  4.3793  3.5087  4.5413  5.3664  0.7468
 1.6375  3.0058  3.4570  2.8275  4.0462  4.3654  3.5156  4.5431  5.3660  0.7503
 1.6530  3.0121  3.4504  2.8237  4.0641  4.3518  3.5222  4.5449  5.3655  0.7536
 1.6680  3.0182  3.4440  2.8199  4.0816  4.3384  3.5287  4.5465  5.3649  0.7569

 4.9841  4.3392  1.1224  5.4424  0.5444  1.0706  2.7814  0.4368  3.0398  5.1971
 4.9808  4.3107  1.1280  5.4187  0.5371  1.0773  2.7895  0.4464  3.0438  5.2044
 4.9774  4.2829  1.1335  5.3956  0.5298  1.0839  2.7974  0.4558  3.0477  5.2114
 4.9741  4.2559  1.1388  5.3730  0.5225  1.0904  2.8051  0.4650  3.0515  5.2183
 4.9708  4.2294  1.1439  5.3510  0.5153  1.0967  2.8126  0.4741  3.0552  5.2249
 4.9676  4.2036  1.1488  5.3294  0.5081  1.1030  2.8200  0.4830  3.0587  5.2313

 3.6020  4.3898  3.6076  4.9042  4.6266  2.0737  4.7340  1.6460  0.1485  0.7148
 3.5974  4.3941  3.6081  4.8899  4.6389  2.0940  4.7320  1.6513  0.1489  0.7325
 3.5929  4.3982  3.6084  4.8759  4.6510  2.1139  4.7301  1.6564  0.1492  0.7497
 3.5885  4.4022  3.6086  4.8621  4.6628  2.1335  4.7281  1.6612  0.1495  0.7665
 3.5842  4.4061  3.6088  4.8485  4.6745  2.1526  4.7261  1.6658  0.1498  0.7829
 3.5799  4.4099  3.6089  4.8352  4.6859  2.1713  4.7242  1.6702  0.1502  0.7989

 2.2353  5.2723  5.6060  1.0001  2.2343  1.6292  0.2028  3.0997  1.4053  3.6220
 2.2431  5.2693  5.5995  0.9925  2.2456  1.6438  0.2002  3.1055  1.4110  3.6170
 2.2507  5.2663  5.5930  0.9851  2.2568  1.6580  0.1976  3.1113  1.4166  3.6120
 2.2582  5.2632  5.5864  0.9780  2.2677  1.6718  0.1951  3.1169  1.4220  3.6071
 2.2655  5.2602  5.5798  0.9710  2.2784  1.6851  0.1926  3.1224  1.4272  3.6022
 2.2726  5.2572  5.5731  0.9641  2.2890  1.6981  0.1901  3.1279  1.4323  3.5973

 3.7480  5.4188  4.8666  4.0132  3.4747  3.9857  3.6282  3.2619  2.6984  2.2666
 3.7413  5.4242  4.8597  4.0079  3.4798  3.9785  3.6193  3.2710  2.6904  2.2460
 3.7346  5.4296  4.8530  4.0026  3.4849  3.9715  3.6106  3.2798  2.6825  2.2258
 3.7281  5.4347  4.8464  3.9973  3.4898  3.9646  3.6021  3.2884  2.6747  2.2060
 3.7216  5.4397  4.8398  3.9921  3.4947  3.9577  3.5937  3.2968  2.6670  2.1865
 3.7153  5.4446  4.8335  3.9869  3.4995  3.9510  3.5855  3.3050  2.6594  2.1673

 5.4014  2.6633  0.3999  3.7221  4.7665  1.0234 -1.9727 -0.2617  1.8129  1.3332
 5.4111  2.6668  0.3729  3.7168  4.7618  1.0189 -2.0046 -0.2750  1.8552  1.3245
 5.4205  2.6702  0.3464  3.7116  4.7573  1.0143 -2.0297 -0.2864  1.8905  1.3109
 5.4298  2.6735  0.3205  3.7064  4.7528  1.0097 -2.0485 -0.2959  1.9192  1.2929
 5.4388  2.6767  0.2951  3.7013  4.7485  1.0051 -2.0613 -0.3036  1.9416  1.2707
 5.4477  2.6797  0.2703  3.6963  4.7442  1.0005 -2.0686 -0.3096  1.9581  1.2445

 1.5044 -1.4118  0.6964 -0.6445  0.3373 -0.7963 -0.1364 -0.8843 -0.4311  0.9948
 1.5185 -1.4242  0.7115 -0.6582  0.3448 -0.8152 -0.1454 -0.8690 -0.4200  1.0263
 1.5267 -1.4312  0.7221 -0.6683  0.3492 -0.8298 -0.1534 -0.8508 -0.4072  1.0522
 1.5292 -1.4331  0.7285 -0.6750  0.3507 -0.8404 -0.1606 -0.8298 -0.3930  1.0730
 1.5264 -1.4304  0.7308 -0.6785  0.3495 -0.8471 -0.1669 -0.8062 -0.3773  1.0890
 1.5188 -1.4233  0.7293 -0.6789  0.3457 -0.8501 -0.1724 -0.7803 -0.3603  1.1004

-0.6163  2.3317 -0.3699  1.6021 -2.0043 -0.4706 -0.8001 -1.5879  1.7782  0.7426
-0.5921  2.3321 -0.3254  1.6263 -2.0422 -0.4723 -0.8135 -1.5527  1.7181  0.7600
-0.5660  2.3261 -0.2807  1.6441 -2.0732 -0.4716 -0.8228 -1.5138  1.6544  0.7726
-0.5382  2.3139 -0.2358  1.6560 -2.0978 -0.4684 -0.8283 -1.4715  1.5874  0.7807
-0.5089  2.2959 -0.1909  1.6622 -2.1163 -0.4632 -0.8302 -1.4260  1.5174  0.7847
-0.4781  2.2726 -0.1460  1.6631 -2.1292 -0.4559 -0.8287 -1.3777  1.4447  0.7847

-0.3061 -1.0849  0.1864  0.0627 -0.3328 -1.4204 -0.2997  2.4492 -0.3326 -0.5817
-0.3495 -1.0708  0.1924  0.0625 -0.3339 -1.4591 -0.3047  2.4556 -0.3412 -0.5704
-0.3899 -1.0531  0.1960  0.0609 -0.3333 -1.4918 -0.3080  2.4551 -0.3470 -0.5562
-0.4272 -1.0322  0.1975  0.0579 -0.3309 -1.5188 -0.3095  2.4481 -0.3502 -0.5394
-0.4618 -1.0081  0.1969  0.0536 -0.3270 -1.5406 -0.3094  2.4350 -0.3510 -0.5202
-0.4938 -0.9813  0.1945  0.0482 -0.3216 -1.5575 -0.3079  2.4164 -0.3494 -0.4987

-0.6106 -0.8861  2.6383  0.1274  0.5977 -0.2770  1.5685  0.6343 -0.6599 -0.3929
-0.6613 -0.8831  2.6349  0.1257  0.6678 -0.2959  1.5869  0.6527 -0.6693 -0.4012
-0.7070 -0.8762  2.6253  0.1230  0.7326 -0.3118  1.5994  0.6671 -0.6746 -0.4066
-0.7480 -0.8657  2.6096  0.1194  0.7924 -0.3248  1.6061  0.6777 -0.6763 -0.4091
-0.7846 -0.8516  2.5884  0.1149  0.8475 -0.3352  1.6076  0.6847 -0.6744 -0.4091
-0.8171 -0.8345  2.5621  0.1096  0.8981 -0.3430  1.6041  0.6883 -0.6692 -0.4065

 1.8458 -1.4028  0.6952  0.1821  0.0166  0.3402 -0.3206 -2.7464  0.5430 -2.1920
 1.8545 -1.3990  0.6947  0.1875 -0.0203  0.3524 -0.3322 -2.7284  0.5391 -2.2705
 1.8572 -1.3902  0.6910  0.1913 -0.0558  0.3618 -0.3409 -2.7041  0.5326 -2.3407
 1.8543 -1.3767  0.6841  0.1936 -0.0900  0.3687 -0.3469 -2.6742  0.5236 -2.4031
 1.8462 -1.3589  0.6744  0.1944 -0.1229  0.3732 -0.3504 -2.6389  0.5122 -2.4580
 1.8332 -1.3371  0.6620  0.1940 -0.1546  0.3754 -0.3514 -2.5986  0.4987 -2.5060

-0.8216  0.6670  0.8026  0.9881  0.3706  0.6945 -0.4752  0.3596  0.0062 -1.3781
-0.7491  0.6609  0.7818  0.9427  0.3810  0.6923 -0.4578  0.3953  0.0200 -1.3908
-0.6754  0.6519  0.7583  0.8950  0.3886  0.6868 -0.4381  0.4276  0.0332 -1.3978
-0.6007  0.6400  0.7321  0.8452  0.3936  0.6783 -0.4165  0.4567  0.0458 -1.3995
-0.5252  0.6254  0.7035  0.7935  0.3961  0.6669 -0.3929  0.4827  0.0578 -1.3963
-0.4489  0.6084  0.6726  0.7400  0.3964  0.6530 -0.3677  0.5058  0.0693 -1.3884

 1.0250  1.9495 -0.2467  0.4714  0.0708  1.6441  0.7239 -0.3067 -0.6284 -0.7639
 1.1057  1.9620 -0.2269  0.4877  0.0435  1.6657  0.7498 -0.3075 -0.6388 -0.7367
 1.1796  1.9680 -0.2061  0.5003  0.0162  1.6809  0.7712 -0.3062 -0.6454 -0.7072
 1.2471  1.9680 -0.1845  0.5095 -0.0110  1.6902  0.7882 -0.3032 -0.6486 -0.6754
 1.3087  1.9624 -0.1620  0.5155 -0.0380  1.6940  0.8012 -0.2983 -0.6485 -0.6416
 1.3646  1.9515 -0.1389  0.5186 -0.0649  1.6926  0.8104 -0.2919 -0.6454 -0.6059

 1.1368  1.5472 -0.2405  0.5404  0.5531 -0.5109 -0.5012  0.5252 -0.6469 -0.5112
 1.1121  1.3479 -0.2566  0.5631  0.5471 -0.5039 -0.5722  0.5251 -0.6639 -0.5208
 1.0839  1.1504 -0.2702  0.5817  0.5383 -0.4944 -0.6382  0.5221 -0.6769 -0.5271
 1.0522  0.9547 -0.2813  0.5964  0.5269 -0.4827 -0.6994  0.5163 -0.6860 -0.5302
 1.0175  0.7610 -0.2903  0.6076  0.5130 -0.4687 -0.7560  0.5078 -0.6915 -0.5305
 0.9798  0.5692 -0.2971  0.6154  0.4969 -0.4527 -0.8084  0.4970 -0.6937 -0.5280

 0.4944 -0.6656 -0.8022  0.9168 -0.9327 -2.0119  0.9247  0.2906 -2.5770 -0.5283
 0.5017 -0.6825 -0.8502  0.8858 -0.7380 -2.0091  0.9341  0.3221 -2.5936 -0.5241
 0.5056 -0.6954 -0.8932  0.8519 -0.5462 -2.0005  0.9390  0.3502 -2.6029 -0.5172
 0.5065 -0.7043 -0.9313  0.8153 -0.3571 -1.9866  0.9396  0.3753 -2.6055 -0.5079
 0.5045 -0.7095 -0.9649  0.7763 -0.1709 -1.9677  0.9362  0.3975 -2.6018 -0.4963
 0.4998 -0.7113 -0.9942  0.7351  0.0125 -1.9441  0.9290  0.4169 -2.5921 -0.4825

-0.4826 -0.4573
-0.4654 -0.4631
-0.4462 -0.4661
-0.4253 -0.4664
-0.4026 -0.4641
-0.3784 -0.4596
[ CPUFloatType{6,192} ]
