Atom positions and velocities over time grids from ground truth
 3.4924  0.6845  1.7434  1.6804  4.1520  4.1285  4.8048  2.9076  4.7375  5.1422
 3.4716  0.6814  1.7629  1.6930  4.1672  4.1142  4.8121  2.9008  4.7410  5.1337
 3.4510  0.6783  1.7826  1.7053  4.1824  4.1000  4.8194  2.8940  4.7444  5.1252
 3.4306  0.6750  1.8024  1.7175  4.1976  4.0860  4.8269  2.8871  4.7476  5.1166
 3.4103  0.6715  1.8223  1.7296  4.2128  4.0722  4.8345  2.8800  4.7508  5.1080
 3.3903  0.6679  1.8422  1.7415  4.2279  4.0584  4.8423  2.8728  4.7538  5.0993

 5.0112  0.4254  2.4520  4.2568  4.1584  5.3813  4.0182  1.9159  4.9517  0.9437
 5.0096  0.4174  2.4483  4.2677  4.1534  5.4041  4.0167  1.9324  4.9306  0.9391
 5.0077  0.4098  2.4448  4.2788  4.1488  5.4268  4.0153  1.9491  4.9091  0.9346
 5.0054  0.4028  2.4414  4.2902  4.1444  5.4494  4.0139  1.9660  4.8875  0.9303
 5.0026  0.3963  2.4380  4.3017  4.1404  5.4719  4.0127  1.9830  4.8656  0.9260
 4.9990  0.3901  2.4347  4.3135  4.1366  5.4944  4.0114  2.0002  4.8435  0.9219

 2.3589  1.3491  0.7945  5.3208  0.2125  5.0314  1.0604  2.4038  3.7072  2.3818
 2.3506  1.3351  0.8093  5.3287  0.2078  5.0215  1.0624  2.4043  3.7040  2.3664
 2.3423  1.3216  0.8234  5.3365  0.2026  5.0118  1.0643  2.4047  3.7008  2.3507
 2.3339  1.3085  0.8370  5.3445  0.1970  5.0023  1.0663  2.4051  3.6976  2.3346
 2.3255  1.2957  0.8501  5.3526  0.1911  4.9928  1.0683  2.4055  3.6943  2.3183
 2.3169  1.2833  0.8628  5.3608  0.1853  4.9835  1.0702  2.4058  3.6910  2.3017

 3.8695  0.1110  5.5050  1.7784  4.6874  1.1833  4.9108  1.1118  1.5098  1.6709
 3.8664  0.1352  5.5016  1.7733  4.6794  1.1749  4.9365  1.1129  1.5185  1.6675
 3.8633  0.1593  5.4980  1.7684  4.6710  1.1666  4.9620  1.1140  1.5278  1.6640
 3.8603  0.1834  5.4943  1.7637  4.6624  1.1584  4.9875  1.1153  1.5378  1.6603
 3.8573  0.2074  5.4905  1.7592  4.6535  1.1503  5.0129  1.1166  1.5483  1.6565
 3.8544  0.2314  5.4865  1.7550  4.6443  1.1422  5.0382  1.1180  1.5594  1.6525

 1.6680  3.0182  3.4440  2.8199  4.0816  4.3384  3.5287  4.5465  5.3649  0.7569
 1.6841  3.0251  3.4372  2.8159  4.0999  4.3249  3.5354  4.5485  5.3635  0.7606
 1.7001  3.0320  3.4306  2.8118  4.1183  4.3116  3.5419  4.5504  5.3618  0.7644
 1.7160  3.0390  3.4242  2.8075  4.1366  4.2985  3.5484  4.5523  5.3599  0.7683
 1.7319  3.0461  3.4182  2.8031  4.1549  4.2854  3.5548  4.5542  5.3577  0.7724
 1.7478  3.0532  3.4127  2.7985  4.1732  4.2725  3.5611  4.5560  5.3553  0.7765

 4.9676  4.2036  1.1488  5.3294  0.5080  1.1030  2.8200  0.4830  3.0587  5.2313
 4.9641  4.1775  1.1539  5.3048  0.5031  1.1091  2.8269  0.4907  3.0627  5.2378
 4.9605  4.1517  1.1588  5.2792  0.4991  1.1151  2.8335  0.4979  3.0667  5.2443
 4.9570  4.1263  1.1637  5.2528  0.4959  1.1211  2.8396  0.5044  3.0707  5.2507
 4.9534  4.1012  1.1684  5.2255  0.4934  1.1270  2.8453  0.5105  3.0748  5.2570
 4.9497  4.0766  1.1731  5.1975  0.4915  1.1328  2.8504  0.5162  3.0790  5.2632

 3.5799  4.4099  3.6089  4.8352  4.6859  2.1713  4.7242  1.6702  0.1502  0.7989
 3.5762  4.4148  3.6095  4.8213  4.6995  2.1908  4.7228  1.6753  0.1497  0.8159
 3.5726  4.4200  3.6103  4.8074  4.7132  2.2103  4.7214  1.6806  0.1489  0.8328
 3.5692  4.4255  3.6112  4.7935  4.7268  2.2298  4.7200  1.6859  0.1478  0.8496
 3.5659  4.4313  3.6122  4.7795  4.7404  2.2493  4.7185  1.6914  0.1464  0.8662
 3.5627  4.4375  3.6133  4.7655  4.7540  2.2687  4.7169  1.6969  0.1448  0.8827

 2.2726  5.2572  5.5731  0.9641  2.2890  1.6981  0.1901  3.1279  1.4323  3.5973
 2.2806  5.2543  5.5665  0.9579  2.2990  1.7056  0.1872  3.1340  1.4373  3.5927
 2.2888  5.2514  5.5602  0.9520  2.3086  1.7095  0.1841  3.1402  1.4422  3.5883
 2.2973  5.2485  5.5540  0.9465  2.3178  1.7095  0.1809  3.1465  1.4470  3.5839
 2.3060  5.2457  5.5480  0.9413  2.3264  1.7060  0.1775  3.1530  1.4517  3.5797
 2.3149  5.2429  5.5422  0.9364  2.3346  1.6998  0.1739  3.1596  1.4562  3.5755

 3.7153  5.4446  4.8335  3.9869  3.4995  3.9510  3.5855  3.3050  2.6594  2.1673
 3.7072  5.4496  4.8266  3.9815  3.5045  3.9438  3.5757  3.3126  2.6577  2.1478
 3.6991  5.4545  4.8196  3.9763  3.5095  3.9368  3.5656  3.3197  2.6597  2.1284
 3.6912  5.4594  4.8125  3.9711  3.5145  3.9298  3.5550  3.3266  2.6656  2.1090
 3.6834  5.4642  4.8054  3.9659  3.5195  3.9229  3.5441  3.3330  2.6751  2.0897
 3.6758  5.4690  4.7981  3.9608  3.5246  3.9161  3.5330  3.3392  2.6876  2.0703

 5.4477  2.6797  0.2703  3.6963  4.7442  1.0005 -2.0689 -0.3096  1.9584  1.2447
 5.4570  2.6838  0.2443  3.6914  4.7404  0.9959 -2.0526 -0.3228  1.9729  1.2277
 5.4663  2.6881  0.2184  3.6867  4.7367  0.9913 -2.0330 -0.3379  1.9842  1.2115
 5.4756  2.6926  0.1928  3.6820  4.7329  0.9867 -2.0118 -0.3550  1.9924  1.1962
 5.4849  2.6974  0.1676  3.6774  4.7289  0.9821 -1.9902 -0.3740  1.9975  1.1819
 5.4942  2.7025  0.1430  3.6729  4.7245  0.9775 -1.9688 -0.3950  1.9993  1.1687

 1.5190 -1.4235  0.7294 -0.6790  0.3458 -0.8503 -0.1724 -0.7804 -0.3603  1.1006
 1.5201 -1.4089  0.7396 -0.6888  0.3320 -0.8556 -0.2085 -0.7260 -0.3496  1.1231
 1.5196 -1.3938  0.7529 -0.6995  0.3184 -0.8604 -0.2575 -0.6754 -0.3400  1.1458
 1.5170 -1.3789  0.7695 -0.7109  0.3054 -0.8646 -0.3192 -0.6378 -0.3316  1.1686
 1.5120 -1.3642  0.7894 -0.7229  0.2933 -0.8685 -0.3922 -0.6176 -0.3242  1.1913
 1.5045 -1.3499  0.8124 -0.7351  0.2822 -0.8720 -0.4739 -0.6141 -0.3179  1.2140

-0.4782  2.2730 -0.1460  1.6633 -2.1295 -0.4559 -0.8289 -1.3779  1.4449  0.7848
-0.4497  2.2645 -0.1365  1.6787 -2.1540 -0.4434 -0.8351 -1.3328  1.3833  0.7938
-0.4204  2.2571 -0.1301  1.6951 -2.1775 -0.4307 -0.8416 -1.2931  1.3311  0.8031
-0.3905  2.2508 -0.1254  1.7124 -2.1996 -0.4182 -0.8483 -1.2598  1.2893  0.8129
-0.3600  2.2457 -0.1214  1.7303 -2.2200 -0.4060 -0.8553 -1.2325  1.2576  0.8231
-0.3290  2.2417 -0.1172  1.7487 -2.2386 -0.3943 -0.8626 -1.2102  1.2347  0.8339

-0.4939 -0.9814  0.1945  0.0482 -0.3216 -1.5577 -0.3079  2.4167 -0.3495 -0.4988
-0.5430 -0.9634  0.1959  0.0439 -0.3212 -1.5876 -0.3068  2.4108 -0.3631 -0.4791
-0.5765 -0.9483  0.1971  0.0392 -0.3234 -1.6177 -0.3034  2.4050 -0.3774 -0.4584
-0.5847 -0.9364  0.1983  0.0340 -0.3291 -1.6479 -0.2968  2.3995 -0.3918 -0.4368
-0.5647 -0.9276  0.1994  0.0282 -0.3395 -1.6776 -0.2857  2.3942 -0.4060 -0.4147
-0.5199 -0.9219  0.2003  0.0220 -0.3559 -1.7067 -0.2687  2.3892 -0.4201 -0.3923

-0.8172 -0.8346  2.5625  0.1096  0.8983 -0.3431  1.6043  0.6884 -0.6693 -0.4066
-0.8503 -0.8253  2.5524  0.1196  0.9659 -0.3590  1.5977  0.6968 -0.6485 -0.4187
-0.8787 -0.8166  2.5437  0.1292  1.0276 -0.3757  1.5913  0.7045 -0.6183 -0.4352
-0.9024 -0.8087  2.5361  0.1378  1.0806 -0.3933  1.5857  0.7116 -0.5790 -0.4539
-0.9216 -0.8015  2.5298  0.1452  1.1232 -0.4115  1.5810  0.7181 -0.5319 -0.4721
-0.9364 -0.7951  2.5246  0.1514  1.1551 -0.4301  1.5773  0.7241 -0.4791 -0.4883

 1.8335 -1.3373  0.6621  0.1940 -0.1546  0.3754 -0.3515 -2.5990  0.4987 -2.5064
 1.8318 -1.3234  0.6537  0.1917 -0.1794  0.3856 -0.3557 -2.5606  0.4900 -2.5983
 1.8305 -1.3096  0.6446  0.1882 -0.2037  0.3967 -0.3594 -2.5216  0.4813 -2.6869
 1.8296 -1.2959  0.6349  0.1836 -0.2279  0.4086 -0.3625 -2.4827  0.4726 -2.7674
 1.8290 -1.2824  0.6247  0.1782 -0.2523  0.4210 -0.3652 -2.4443  0.4638 -2.8371
 1.8287 -1.2692  0.6141  0.1723 -0.2769  0.4338 -0.3679 -2.4070  0.4549 -2.8950

-0.4490  0.6085  0.6727  0.7401  0.3965  0.6531 -0.3677  0.5058  0.0694 -1.3886
-0.3628  0.6000  0.6341  0.6828  0.4018  0.6442 -0.3505  0.5361  0.0816 -1.3910
-0.2852  0.5927  0.5905  0.6314  0.4072  0.6351 -0.3349  0.5665  0.0943 -1.3935
-0.2200  0.5868  0.5402  0.5887  0.4126  0.6258 -0.3212  0.5966  0.1079 -1.3962
-0.1690  0.5820  0.4823  0.5564  0.4180  0.6164 -0.3099  0.6264  0.1228 -1.3990
-0.1321  0.5785  0.4174  0.5351  0.4234  0.6068 -0.3015  0.6554  0.1400 -1.4020

 1.3648  1.9518 -0.1389  0.5186 -0.0649  1.6929  0.8105 -0.2919 -0.6455 -0.6060
 1.3666  1.9501 -0.1410  0.5286 -0.0940  1.6812  0.8335 -0.2884 -0.6266 -0.5714
 1.3631  1.9482 -0.1464  0.5384 -0.1222  1.6698  0.8574 -0.2847 -0.6075 -0.5369
 1.3568  1.9461 -0.1536  0.5480 -0.1485  1.6594  0.8812 -0.2808 -0.5891 -0.5027
 1.3497  1.9441 -0.1609  0.5574 -0.1720  1.6505  0.9042 -0.2767 -0.5718 -0.4690
 1.3427  1.9423 -0.1668  0.5665 -0.1920  1.6430  0.9255 -0.2726 -0.5556 -0.4359

 0.9800  0.5692 -0.2972  0.6155  0.4970 -0.4528 -0.8086  0.4971 -0.6938 -0.5281
 0.9380  0.1917 -0.3129  0.6288  0.4840 -0.4415 -0.8014  0.4914 -0.7018 -0.5229
 0.8915 -0.1736 -0.3303  0.6412  0.4725 -0.4305 -0.7879  0.4855 -0.7106 -0.5183
 0.8404 -0.4824 -0.3493  0.6527  0.4624 -0.4197 -0.7709  0.4794 -0.7209 -0.5144
 0.7853 -0.7126 -0.3698  0.6633  0.4538 -0.4092 -0.7521  0.4732 -0.7336 -0.5116
 0.7269 -0.8654 -0.3919  0.6729  0.4468 -0.3990 -0.7327  0.4667 -0.7492 -0.5097

 0.4999 -0.7114 -0.9943  0.7352  0.0125 -1.9444  0.9292  0.4169 -2.5925 -0.4826
 0.5006 -0.7027 -1.0353  0.6995  0.3955 -1.9403  0.9297  0.4426 -2.5735 -0.4721
 0.5012 -0.6933 -1.0717  0.6644  0.7725 -1.9386  0.9301  0.4684 -2.5415 -0.4621
 0.5016 -0.6853 -1.1019  0.6297  1.0994 -1.9384  0.9304  0.4942 -2.4908 -0.4534
 0.5020 -0.6797 -1.1254  0.5953  1.3540 -1.9388  0.9307  0.5201 -2.4145 -0.4469
 0.5022 -0.6768 -1.1424  0.5613  1.5364 -1.9391  0.9310  0.5460 -2.3052 -0.4437

-0.3784 -0.4596
-0.3758 -0.4601
-0.3873 -0.4606
-0.4187 -0.4611
-0.4771 -0.4616
-0.5700 -0.4621
[ CPUFloatType{6,192} ]
Atom positions and velocities over time grids from prediction
 3.4924  0.6845  1.7434  1.6804  4.1520  4.1285  4.8048  2.9076  4.7375  5.1422
 3.4708  0.6810  1.7641  1.6925  4.1674  4.1136  4.8123  2.8999  4.7406  5.1328
 3.4498  0.6776  1.7843  1.7047  4.1827  4.0991  4.8197  2.8926  4.7437  5.1238
 3.4294  0.6743  1.8040  1.7169  4.1979  4.0851  4.8272  2.8857  4.7470  5.1153
 3.4096  0.6710  1.8234  1.7292  4.2130  4.0716  4.8347  2.8791  4.7503  5.1071
 3.3903  0.6679  1.8422  1.7415  4.2279  4.0585  4.8423  2.8728  4.7538  5.0993

 5.0112  0.4254  2.4520  4.2568  4.1584  5.3813  4.0182  1.9159  4.9517  0.9437
 5.0080  0.4179  2.4483  4.2682  4.1535  5.4054  4.0162  1.9336  4.9290  0.9386
 5.0053  0.4105  2.4448  4.2796  4.1490  5.4287  4.0146  1.9510  4.9069  0.9338
 5.0029  0.4035  2.4413  4.2909  4.1446  5.4513  4.0132  1.9678  4.8852  0.9295
 5.0008  0.3967  2.4380  4.3022  4.1405  5.4732  4.0122  1.9842  4.8641  0.9255
 4.9990  0.3901  2.4347  4.3135  4.1366  5.4944  4.0114  2.0002  4.8435  0.9219

 2.3589  1.3491  0.7945  5.3208  0.2125  5.0314  1.0604  2.4038  3.7072  2.3818
 2.3498  1.3355  0.8085  5.3289  0.2066  5.0210  1.0623  2.4040  3.7036  2.3651
 2.3411  1.3221  0.8223  5.3369  0.2010  5.0110  1.0643  2.4044  3.7001  2.3487
 2.3328  1.3089  0.8359  5.3449  0.1956  5.0015  1.0662  2.4048  3.6969  2.3327
 2.3247  1.2960  0.8494  5.3529  0.1903  4.9923  1.0682  2.4053  3.6938  2.3170
 2.3169  1.2833  0.8628  5.3608  0.1853  4.9835  1.0702  2.4058  3.6910  2.3017

 3.8695  0.1110  5.5050  1.7784  4.6874  1.1833  4.9108  1.1118  1.5098  1.6709
 3.8660  0.1363  5.5006  1.7730  4.6777  1.1745  4.9376  1.1129  1.5198  1.6665
 3.8627  0.1610  5.4966  1.7680  4.6686  1.1660  4.9638  1.1141  1.5297  1.6626
 3.8597  0.1851  5.4929  1.7634  4.6601  1.1578  4.9893  1.1153  1.5396  1.6589
 3.8569  0.2085  5.4895  1.7590  4.6520  1.1498  5.0141  1.1166  1.5495  1.6555
 3.8544  0.2314  5.4865  1.7550  4.6443  1.1422  5.0382  1.1180  1.5594  1.6525

 1.6680  3.0182  3.4440  2.8199  4.0816  4.3384  3.5287  4.5465  5.3649  0.7569
 1.6844  3.0250  3.4370  2.8151  4.1003  4.3242  3.5356  4.5484  5.3624  0.7611
 1.7006  3.0320  3.4304  2.8105  4.1188  4.3105  3.5422  4.5503  5.3602  0.7651
 1.7166  3.0390  3.4242  2.8062  4.1371  4.2974  3.5487  4.5522  5.3583  0.7690
 1.7323  3.0461  3.4183  2.8022  4.1552  4.2847  3.5550  4.5541  5.3567  0.7728
 1.7477  3.0532  3.4127  2.7985  4.1732  4.2725  3.5611  4.5560  5.3553  0.7765

 4.9676  4.2036  1.1488  5.3294  0.5080  1.1030  2.8200  0.4830  3.0587  5.2313
 4.9636  4.1770  1.1539  5.3014  0.5042  1.1089  2.8260  0.4901  3.0627  5.2378
 4.9599  4.1509  1.1589  5.2742  0.5006  1.1149  2.8321  0.4970  3.0668  5.2443
 4.9563  4.1255  1.1637  5.2478  0.4973  1.1209  2.8382  0.5036  3.0708  5.2507
 4.9529  4.1008  1.1685  5.2223  0.4943  1.1269  2.8443  0.5100  3.0749  5.2570
 4.9497  4.0766  1.1731  5.1975  0.4915  1.1328  2.8504  0.5162  3.0789  5.2632

 3.5799  4.4099  3.6089  4.8352  4.6859  2.1713  4.7242  1.6702  0.1502  0.7989
 3.5757  4.4155  3.6093  4.8202  4.6998  2.1915  4.7226  1.6755  0.1491  0.8161
 3.5719  4.4210  3.6100  4.8057  4.7136  2.2114  4.7211  1.6808  0.1480  0.8330
 3.5685  4.4265  3.6109  4.7918  4.7272  2.2309  4.7196  1.6861  0.1469  0.8498
 3.5654  4.4320  3.6120  4.7784  4.7407  2.2500  4.7182  1.6915  0.1458  0.8664
 3.5627  4.4375  3.6133  4.7655  4.7540  2.2687  4.7169  1.6969  0.1448  0.8827

 2.2726  5.2572  5.5731  0.9641  2.2890  1.6981  0.1901  3.1279  1.4323  3.5973
 2.2811  5.2538  5.5658  0.9581  2.2982  1.6983  0.1866  3.1344  1.4371  3.5924
 2.2896  5.2506  5.5591  0.9523  2.3073  1.6985  0.1832  3.1408  1.4419  3.5877
 2.2981  5.2478  5.5530  0.9467  2.3164  1.6989  0.1800  3.1472  1.4467  3.5834
 2.3065  5.2452  5.5473  0.9414  2.3255  1.6993  0.1769  3.1534  1.4515  3.5793
 2.3149  5.2429  5.5422  0.9364  2.3346  1.6998  0.1739  3.1596  1.4562  3.5755

 3.7153  5.4446  4.8335  3.9868  3.4995  3.9510  3.5855  3.3050  2.6594  2.1673
 3.7067  5.4492  4.8256  3.9809  3.5045  3.9433  3.5740  3.3117  2.6647  2.1466
 3.6984  5.4540  4.8181  3.9753  3.5095  3.9359  3.5630  3.3185  2.6703  2.1266
 3.6906  5.4589  4.8111  3.9701  3.5145  3.9289  3.5525  3.3253  2.6759  2.1072
 3.6830  5.4639  4.8044  3.9653  3.5195  3.9223  3.5425  3.3322  2.6817  2.0885
 3.6758  5.4690  4.7981  3.9608  3.5246  3.9161  3.5330  3.3392  2.6876  2.0703

 5.4477  2.6797  0.2703  3.6963  4.7442  1.0005 -2.0688 -0.3096  1.9584  1.2447
 5.4573  2.6840  0.2431  3.6907  4.7397  0.9955 -2.0555 -0.3299  1.9750  1.2348
 5.4667  2.6885  0.2167  3.6856  4.7354  0.9907 -2.0386 -0.3485  1.9871  1.2220
 5.4760  2.6930  0.1913  3.6809  4.7315  0.9861 -2.0183 -0.3655  1.9950  1.2066
 5.4852  2.6977  0.1668  3.6767  4.7279  0.9817 -1.9950 -0.3810  1.9989  1.1888
 5.4942  2.7025  0.1430  3.6729  4.7245  0.9775 -1.9688 -0.3950  1.9993  1.1687

 1.5190 -1.4235  0.7294 -0.6790  0.3458 -0.8502 -0.1724 -0.7804 -0.3603  1.1005
 1.5233 -1.4142  0.7519 -0.6950  0.3351 -0.8592 -0.2385 -0.7484 -0.3536  1.1305
 1.5237 -1.4020  0.7713 -0.7084  0.3233 -0.8658 -0.3016 -0.7157 -0.3460  1.1566
 1.5206 -1.3871  0.7877 -0.7195  0.3105 -0.8699 -0.3617 -0.6824 -0.3374  1.1790
 1.5140 -1.3696  0.8013 -0.7283  0.2968 -0.8720 -0.4191 -0.6485 -0.3280  1.1981
 1.5045 -1.3499  0.8124 -0.7351  0.2822 -0.8720 -0.4739 -0.6141 -0.3179  1.2140

-0.4782  2.2729 -0.1460  1.6633 -2.1294 -0.4559 -0.8288 -1.3778  1.4449  0.7847
-0.4496  2.2752 -0.1405  1.6886 -2.1599 -0.4455 -0.8402 -1.3474  1.4052  0.8002
-0.4203  2.2730 -0.1348  1.7095 -2.1858 -0.4340 -0.8490 -1.3153  1.3642  0.8127
-0.3904  2.2664 -0.1290  1.7263 -2.2073 -0.4216 -0.8556 -1.2817  1.3221  0.8223
-0.3599  2.2559 -0.1232  1.7393 -2.2249 -0.4083 -0.8601 -1.2466  1.2788  0.8293
-0.3290  2.2417 -0.1172  1.7487 -2.2386 -0.3943 -0.8626 -1.2102  1.2347  0.8339

-0.4938 -0.9814  0.1945  0.0482 -0.3216 -1.5577 -0.3079  2.4167 -0.3494 -0.4987
-0.5021 -0.9739  0.1981  0.0437 -0.3311 -1.5954 -0.3015  2.4199 -0.3677 -0.4797
-0.5088 -0.9640  0.2004  0.0388 -0.3392 -1.6289 -0.2942  2.4184 -0.3838 -0.4594
-0.5139 -0.9519  0.2015  0.0335 -0.3460 -1.6585 -0.2863  2.4126 -0.3978 -0.4380
-0.5175 -0.9378  0.2014  0.0279 -0.3515 -1.6843 -0.2778  2.4028 -0.4098 -0.4156
-0.5199 -0.9219  0.2003  0.0220 -0.3559 -1.7067 -0.2687  2.3892 -0.4201 -0.3923

-0.8171 -0.8345  2.5624  0.1096  0.8982 -0.3431  1.6043  0.6884 -0.6693 -0.4066
-0.8473 -0.8312  2.5634  0.1195  0.9574 -0.3646  1.6054  0.6999 -0.6319 -0.4274
-0.8741 -0.8254  2.5598  0.1286  1.0124 -0.3840  1.6030  0.7091 -0.5941 -0.4458
-0.8977 -0.8174  2.5520  0.1369  1.0636 -0.4012  1.5974  0.7161 -0.5560 -0.4620
-0.9184 -0.8072  2.5401  0.1445  1.1111 -0.4165  1.5887  0.7210 -0.5177 -0.4761
-0.9364 -0.7950  2.5246  0.1514  1.1551 -0.4301  1.5773  0.7241 -0.4791 -0.4883

 1.8334 -1.3373  0.6621  0.1940 -0.1546  0.3754 -0.3515 -2.5989  0.4987 -2.5063
 1.8401 -1.3294  0.6558  0.1907 -0.1827  0.3905 -0.3578 -2.5659  0.4926 -2.5962
 1.8426 -1.3184  0.6478  0.1869 -0.2089  0.4037 -0.3625 -2.5300  0.4851 -2.6797
 1.8414 -1.3046  0.6380  0.1825 -0.2333  0.4153 -0.3657 -2.4913  0.4762 -2.7571
 1.8367 -1.2881  0.6268  0.1776 -0.2559  0.4253 -0.3674 -2.4503  0.4661 -2.8287
 1.8287 -1.2692  0.6141  0.1723 -0.2769  0.4338 -0.3679 -2.4070  0.4549 -2.8950

-0.4490  0.6085  0.6727  0.7400  0.3965  0.6530 -0.3677  0.5058  0.0694 -1.3885
-0.3835  0.6059  0.6209  0.6994  0.4050  0.6471 -0.3564  0.5411  0.0853 -1.3982
-0.3191  0.6014  0.5694  0.6585  0.4118  0.6393 -0.3441  0.5735  0.1003 -1.4041
-0.2557  0.5953  0.5183  0.6175  0.4171  0.6299 -0.3308  0.6033  0.1144 -1.4066
-0.1934  0.5876  0.4676  0.5763  0.4209  0.6191 -0.3165  0.6305  0.1276 -1.4058
-0.1321  0.5785  0.4174  0.5351  0.4234  0.6068 -0.3015  0.6554  0.1400 -1.4020

 1.3647  1.9517 -0.1389  0.5186 -0.0649  1.6928  0.8105 -0.2919 -0.6455 -0.6060
 1.3666  1.9579 -0.1461  0.5324 -0.0935  1.6898  0.8396 -0.2901 -0.6307 -0.5727
 1.3651  1.9597 -0.1524  0.5439 -0.1204  1.6831  0.8655 -0.2871 -0.6141 -0.5389
 1.3605  1.9575 -0.1579  0.5534 -0.1458  1.6729  0.8884 -0.2832 -0.5960 -0.5049
 1.3529  1.9516 -0.1627  0.5608 -0.1696  1.6594  0.9083 -0.2783 -0.5765 -0.4705
 1.3427  1.9422 -0.1668  0.5665 -0.1920  1.6430  0.9255 -0.2726 -0.5556 -0.4359

 0.9799  0.5692 -0.2972  0.6155  0.4969 -0.4528 -0.8085  0.4971 -0.6938 -0.5280
 0.9296  0.2640 -0.3199  0.6318  0.4897 -0.4443 -0.7972  0.4941 -0.7097 -0.5274
 0.8791 -0.0317 -0.3407  0.6456  0.4809 -0.4347 -0.7838  0.4894 -0.7231 -0.5252
 0.8285 -0.3183 -0.3595  0.6569  0.4708 -0.4238 -0.7684  0.4832 -0.7340 -0.5214
 0.7777 -0.5961 -0.3766  0.6660  0.4593 -0.4119 -0.7514  0.4756 -0.7427 -0.5162
 0.7269 -0.8654 -0.3919  0.6729  0.4468 -0.3990 -0.7327  0.4667 -0.7492 -0.5097

 0.4999 -0.7114 -0.9943  0.7352  0.0125 -1.9444  0.9291  0.4169 -2.5924 -0.4826
 0.5039 -0.7081 -1.0307  0.7012  0.3399 -1.9511  0.9346  0.4479 -2.5385 -0.4775
 0.5060 -0.7029 -1.0635  0.6667  0.6554 -1.9536  0.9374  0.4761 -2.4827 -0.4709
 0.5063 -0.6958 -1.0929  0.6319  0.9598 -1.9523  0.9376  0.5017 -2.4251 -0.4630
 0.5050 -0.6871 -1.1192  0.5967  1.2533 -1.9473  0.9354  0.5250 -2.3658 -0.4539
 0.5022 -0.6768 -1.1424  0.5613  1.5364 -1.9391  0.9310  0.5460 -2.3052 -0.4437

-0.3784 -0.4596
-0.4222 -0.4633
-0.4631 -0.4653
-0.5012 -0.4656
-0.5368 -0.4646
-0.5700 -0.4621
[ CPUFloatType{6,192} ]
