Atom positions and velocities over time grids from ground truth
 3.8311  0.6353  2.2150  1.1842  3.0221  1.9209  3.0230  1.4066  4.0993  4.0546
 3.8182  0.6545  2.2306  1.1820  3.0307  1.9353  3.0169  1.3977  4.0948  4.0645
 3.8057  0.6732  2.2465  1.1796  3.0391  1.9504  3.0111  1.3889  4.0904  4.0740
 3.7941  0.6914  2.2624  1.1769  3.0472  1.9660  3.0056  1.3800  4.0862  4.0828
 3.7845  0.7092  2.2786  1.1738  3.0552  1.9822  3.0004  1.3712  4.0821  4.0907

 0.2412  0.8428  2.1943  2.9558  3.3851  3.4517  0.7988  0.8302  3.9045  0.1785
 0.2311  0.8452  2.1771  2.9629  3.3801  3.4464  0.8016  0.8374  3.8937  0.1857
 0.2209  0.8473  2.1590  2.9703  3.3755  3.4407  0.8039  0.8443  3.8843  0.1931
 0.2107  0.8490  2.1403  2.9779  3.3714  3.4347  0.8059  0.8510  3.8762  0.2008
 0.2005  0.8502  2.1213  2.9856  3.3676  3.4286  0.8077  0.8575  3.8691  0.2086

 2.2601  2.5178  3.0561  2.4814  3.6850  4.0138  0.3932  1.2703  3.5614  1.7835
 2.2698  2.5073  3.0600  2.4627  3.6775  4.0076  0.4035  1.2619  3.5676  1.7993
 2.2791  2.4967  3.0577  2.4441  3.6763  4.0014  0.4138  1.2537  3.5727  1.8162
 2.2881  2.4862  3.0503  2.4256  3.6795  3.9952  0.4241  1.2457  3.5769  1.8340
 2.2967  2.4756  3.0388  2.4073  3.6850  3.9892  0.4343  1.2379  3.5804  1.8524

 4.3027  4.0592  0.5887  1.6375  3.1901  1.5932  4.1006  0.0883  0.6552  0.9517
 4.2955  4.0606  0.6107  1.6331  3.1978  1.5893  4.1063  0.0790  0.6542  0.9687
 4.2879  4.0617  0.6316  1.6289  3.2056  1.5854  4.1113  0.0696  0.6559  0.9858
 4.2806  4.0627  0.6507  1.6249  3.2136  1.5815  4.1154  0.0603  0.6601  1.0030
 4.2738  4.0637  0.6674  1.6214  3.2218  1.5774  4.1187  0.0509  0.6666  1.0199

 1.2236  2.3962  2.7340  2.8082  1.8563  4.2538  2.1541  0.1324  0.5268  4.2495
 1.2260  2.3979  2.7264  2.8304  1.8528  4.2527  2.1544  0.1527  0.5384  4.2377
 1.2296  2.3994  2.7187  2.8531  1.8499  4.2499  2.1548  0.1733  0.5500  4.2261
 1.2352  2.4008  2.7108  2.8762  1.8473  4.2457  2.1552  0.1942  0.5616  4.2146
 1.2434  2.4022  2.7028  2.8993  1.8451  4.2402  2.1558  0.2153  0.5728  4.2034

 3.4468  4.1936  0.4097  3.8158  1.3374  0.5882  1.3896  0.1256  1.2172  0.0727
 3.4438  4.1939  0.4067  3.7980  1.3246  0.5761  1.3865  0.1355  1.2069  0.0561
 3.4411  4.1943  0.4038  3.7803  1.3112  0.5642  1.3840  0.1454  1.1969  0.0389
 3.4386  4.1949  0.4009  3.7629  1.2979  0.5524  1.3819  0.1551  1.1871  0.0216
 3.4362  4.1957  0.3981  3.7457  1.2858  0.5407  1.3801  0.1647  1.1776  0.0042

 3.4047  2.6988  2.3214  0.1625  4.0406  1.3617  0.1733  0.3950  0.0688  0.7135
 3.3978  2.6945  2.3055  0.1896  4.0367  1.3745  0.1809  0.3896  0.0674  0.7055
 3.3907  2.6902  2.2886  0.2155  4.0329  1.3871  0.1882  0.3838  0.0649  0.6976
 3.3836  2.6859  2.2709  0.2395  4.0291  1.3995  0.1954  0.3779  0.0614  0.6897
 3.3765  2.6815  2.2524  0.2609  4.0256  1.4116  0.2024  0.3717  0.0570  0.6819

 0.6208  2.9960  0.6043  0.7938  1.7258  3.8268  4.1732  1.3306  1.7100  2.8728
 0.6208  3.0003  0.6199  0.7848  1.7178  3.8150  4.1708  1.3388  1.7241  2.8874
 0.6201  3.0049  0.6353  0.7774  1.7099  3.8036  4.1684  1.3476  1.7380  2.9021
 0.6188  3.0096  0.6505  0.7723  1.7020  3.7924  4.1660  1.3567  1.7515  2.9170
 0.6174  3.0144  0.6654  0.7706  1.6944  3.7815  4.1635  1.3658  1.7648  2.9321

 1.5931  0.5620  4.0390  3.0319  2.0315  3.0021  3.9480  3.2509  3.2760  1.7257
 1.5919  0.5610  4.0413  3.0117  2.0307  2.9963  3.9528  3.2661  3.2689  1.7032
 1.5900  0.5600  4.0401  2.9915  2.0303  2.9905  3.9644  3.2814  3.2550  1.6837
 1.5875  0.5593  4.0357  2.9713  2.0306  2.9848  3.9809  3.2967  3.2361  1.6678
 1.5846  0.5587  4.0288  2.9511  2.0315  2.9791  3.9999  3.3120  3.2145  1.6555

 3.7640  2.4344  0.6429  3.4170  4.0915  0.7249 -1.2702  1.8935  1.5749 -0.2265
 3.7661  2.4290  0.6494  3.4144  4.1072  0.7177 -1.2060  1.8470  1.5898 -0.2558
 3.7683  2.4239  0.6601  3.4117  4.1215  0.7076 -1.0603  1.8006  1.6054 -0.2922
 3.7707  2.4193  0.6745  3.4091  4.1334  0.6943 -0.8209  1.7541  1.6216 -0.3371
 3.7734  2.4150  0.6916  3.4065  4.1418  0.6778 -0.5063  1.7073  1.6383 -0.3919

 0.8481  1.4721 -0.5946 -0.8869 -0.4472  0.9671 -1.0127  0.2263 -1.7667  0.7228
 0.8232  1.5331 -0.5629 -0.8829 -0.4321  0.9139 -1.0195  0.1919 -1.8378  0.7461
 0.8061  1.5908 -0.5374 -0.8817 -0.4167  0.8378 -1.0211  0.1459 -1.8853  0.7638
 0.7949  1.6451 -0.5162 -0.8814 -0.4019  0.7426 -1.0155  0.1023 -1.9148  0.7710
 0.7870  1.6957 -0.4967 -0.8804 -0.3888  0.6364 -0.9993  0.0667 -1.9295  0.7629

-0.4784 -0.5520  0.2555  0.7052 -1.0119  0.7299  0.9498 -1.0535  0.0806 -1.8662
-0.4380 -0.5821  0.2191  0.6821 -0.8749  0.7568  0.9180 -1.0561 -0.4812 -1.8533
-0.3966 -0.6044  0.1867  0.6588 -0.7603  0.7722  0.8767 -1.0561 -0.9453 -1.8398
-0.3547 -0.6193  0.1588  0.6363 -0.6721  0.7762  0.8282 -1.0553 -1.3483 -1.8256
-0.3126 -0.6282  0.1352  0.6155 -0.6066  0.7689  0.7746 -1.0549 -1.7350 -1.8108

-0.4333 -0.6188  1.0280 -0.8310  0.5668  1.6375 -0.7360  0.1281  2.1493 -0.4314
 0.0993 -0.6189  1.0291 -0.8116  0.4687  1.7353 -0.7481  0.1078  2.0002 -0.4093
 0.4374 -0.6079  1.0271 -0.7881  0.3835  1.8082 -0.7065  0.0986  1.7857 -0.3727
 0.6124 -0.5802  1.0220 -0.7621  0.3160  1.8594 -0.6332  0.0979  1.5067 -0.3160
 0.6904 -0.5306  1.0139 -0.7330  0.2640  1.8924 -0.5484  0.1039  1.1888 -0.2335

 0.7730 -0.3873  0.5344 -0.9347  0.0331  1.7084  0.3015  0.1616 -0.7663  2.2467
 0.7906 -0.3927  0.4552 -0.9361  0.2966  1.7149  0.4601  0.1443 -0.7817  2.2889
 0.8103 -0.3999  0.3682 -0.9392  0.5322  1.7030  0.6908  0.1369 -0.7934  2.3084
 0.8318 -0.4094  0.2840 -0.9438  0.7273  1.6812  0.9963  0.1404 -0.7998  2.3138
 0.8547 -0.4217  0.2116 -0.9497  0.8735  1.6546  1.3542  0.1490 -0.7982  2.3108

-0.3233 -0.1959  0.0331  2.0469  1.1612 -1.1738 -0.2855  0.0377 -0.2980 -1.7726
-0.2752 -0.3493  0.0413  2.0748  1.1592 -1.1553 -0.2622  0.0508 -0.2926 -1.7550
-0.2388 -0.4842  0.0498  2.0979  1.1378 -1.1345 -0.2457  0.0664 -0.2854 -1.7307
-0.2095 -0.6008  0.0583  2.1166  1.0911 -1.1118 -0.2369  0.0840 -0.2763 -1.7018
-0.1843 -0.7021  0.0665  2.1308  1.0131 -1.0875 -0.2357  0.1032 -0.2656 -1.6700

-1.3085 -1.1986 -0.2792  0.9919 -1.0120 -1.6886 -0.7013 -0.4272 -1.6420  2.6473
-1.3359 -1.1853 -0.2313  0.9806 -0.9893 -1.7252 -0.7144 -0.4343 -1.7284  2.4956
-1.2674 -1.1761 -0.1955  0.9665 -0.9669 -1.7377 -0.7087 -0.4367 -1.8104  2.2703
-1.0983 -1.1702 -0.1764  0.9543 -0.9452 -1.7346 -0.6849 -0.4336 -1.9003  1.9639
-0.8526 -1.1669 -0.1707  0.9500 -0.9243 -1.7210 -0.6450 -0.4245 -2.0000  1.5923

-0.3875  1.2700  0.7444 -0.5556 -0.1930 -0.7988 -0.0383  0.4451  1.5521 -0.8221
-0.3805  1.2502  0.7253 -0.5835 -0.2989 -0.7898 -0.0992  0.4633  1.5302 -0.6236
-0.3646  1.2245  0.7072 -0.6050 -0.3937 -0.7828 -0.1303  0.4722  1.5044 -0.3396
-0.3511  1.1928  0.6901 -0.6190 -0.4731 -0.7775 -0.1316  0.4771  1.4794  0.0110
-0.3545  1.1550  0.6742 -0.6247 -0.5345 -0.7739 -0.1033  0.4807  1.4606  0.3735

-0.7949 -1.1613 -0.2428  0.8523  1.3967  1.4650 -0.1537 -0.0982  0.0566 -2.0239
-0.7888 -1.1322 -0.2399  0.8977  1.3707  1.4799 -0.2171 -0.0826 -0.2816 -2.0199
-0.7706 -1.1026 -0.2444  0.9089  1.3433  1.4990 -0.2707 -0.0652 -0.5641 -2.0185
-0.7349 -1.0757 -0.2546  0.8847  1.3157  1.5208 -0.3131 -0.0469 -0.7710 -2.0180
-0.6732 -1.0527 -0.2701  0.8289  1.2882  1.5437 -0.3441 -0.0284 -0.9055 -2.0165

-0.0578 -0.5771  0.8206  1.5262 -1.0478 -2.0991  0.2130 -0.5242  0.8632 -0.2644
-0.0027 -0.5742  1.4035  1.5279 -1.6395 -1.7695  0.2343 -0.4866  1.2512 -0.2666
 0.0585 -0.5697  1.7740  1.5291 -2.0272 -1.4126  0.2537 -0.4472  1.5723 -0.2602
 0.1245 -0.5634  1.9528  1.5299 -2.2313 -1.0680  0.2720 -0.4123  1.8081 -0.2476
 0.1935 -0.5553  2.0074  1.5304 -2.3178 -0.7684  0.2897 -0.3852  1.9632 -0.2311

 1.5008 -0.8654
 1.3101 -1.1677
 1.0121 -1.4904
 0.6244 -1.7940
 0.1960 -2.0458
[ CPUFloatType{5,192} ]