Atom positions and velocities over time grids from ground truth
 3.7999  0.8887  2.4873  1.0651  3.1437  2.2041  2.9700  1.2764  4.0372  4.0987
 3.8027  0.9013  2.5068  1.0485  3.1507  2.2224  2.9724  1.2712  4.0330  4.0956
 3.8067  0.9134  2.5271  1.0313  3.1579  2.2398  2.9755  1.2668  4.0286  4.0930
 3.8121  0.9253  2.5481  1.0136  3.1654  2.2563  2.9794  1.2631  4.0243  4.0909
 3.8184  0.9367  2.5699  0.9957  3.1732  2.2716  2.9840  1.2601  4.0199  4.0896
 3.8251  0.9478  2.5926  0.9777  3.1813  2.2856  2.9894  1.2577  4.0156  4.0889

 0.1320  0.8520  1.8969  3.0396  3.3556  3.3359  0.8122  0.9235  3.8192  0.2517
 0.1309  0.8520  1.8769  3.0398  3.3573  3.3210  0.8112  0.9284  3.8172  0.2460
 0.1298  0.8519  1.8559  3.0393  3.3595  3.3034  0.8101  0.9333  3.8156  0.2389
 0.1285  0.8519  1.8338  3.0379  3.3620  3.2832  0.8089  0.9380  3.8141  0.2310
 0.1271  0.8519  1.8105  3.0354  3.3650  3.2609  0.8075  0.9426  3.8129  0.2223
 0.1255  0.8519  1.7863  3.0316  3.3683  3.2369  0.8062  0.9471  3.8118  0.2132

 2.3610  2.3474  2.7417  2.2017  3.7812  3.9907  0.5408  1.2026  3.5914  2.0791
 2.3644  2.3367  2.7195  2.1862  3.7918  3.9965  0.5465  1.2092  3.5907  2.0972
 2.3677  2.3261  2.6990  2.1710  3.8030  4.0024  0.5513  1.2171  3.5902  2.1151
 2.3709  2.3155  2.6803  2.1562  3.8145  4.0085  0.5554  1.2261  3.5900  2.1328
 2.3742  2.3050  2.6631  2.1416  3.8263  4.0144  0.5588  1.2358  3.5902  2.1504
 2.3774  2.2946  2.6472  2.1274  3.8382  4.0202  0.5618  1.2461  3.5912  2.1678

 4.2319  4.1005  0.7654  1.6872  3.3269  1.5106  4.1471  4.2500  0.7374  1.2034
 4.2291  4.1065  0.7803  1.7002  3.3316  1.5033  4.1532  4.2448  0.7362  1.2176
 4.2261  4.1127  0.7971  1.7134  3.3341  1.4960  4.1602  4.2416  0.7345  1.2318
 4.2229  4.1190  0.8156  1.7266  3.3342  1.4889  4.1682  4.2406  0.7326  1.2461
 4.2193  4.1252  0.8355  1.7396  3.3317  1.4822  4.1771  4.2419  0.7305  1.2605
 4.2155  4.1315  0.8562  1.7526  3.3268  1.4760  4.1868  4.2453  0.7283  1.2750

 1.4582  2.4209  2.6395  3.1712  1.8483  4.1142  2.1674  0.4454  0.5952  4.0890
 1.4601  2.4334  2.6370  3.1935  1.8535  4.1022  2.1686  0.4559  0.5885  4.0812
 1.4580  2.4486  2.6344  3.2159  1.8596  4.0910  2.1697  0.4641  0.5816  4.0737
 1.4530  2.4655  2.6316  3.2384  1.8666  4.0810  2.1708  0.4703  0.5744  4.0665
 1.4460  2.4828  2.6286  3.2609  1.8743  4.0728  2.1719  0.4748  0.5670  4.0596
 1.4378  2.4997  2.6254  3.2835  1.8823  4.0666  2.1730  0.4783  0.5596  4.0530

 3.3981  4.2220  0.3704  3.5686  1.2923  0.4008  1.3730  0.2995  1.0752  4.1219
 3.3935  4.2261  0.3678  3.5575  1.2959  0.3893  1.3769  0.3131  1.0662  4.1072
 3.3887  4.2306  0.3651  3.5475  1.2981  0.3777  1.3815  0.3268  1.0565  4.0927
 3.3838  4.2355  0.3622  3.5387  1.2991  0.3662  1.3865  0.3406  1.0459  4.0782
 3.3788  4.2407  0.3590  3.5313  1.2987  0.3548  1.3918  0.3544  1.0342  4.0639
 3.3737  4.2461  0.3557  3.5254  1.2972  0.3434  1.3973  0.3682  1.0211  4.0497

 3.3407  2.6439  1.9690  0.2891  3.9115  1.5223  0.2738  0.3214  4.2993  0.5924
 3.3418  2.6417  1.9424  0.2816  3.8993  1.5290  0.2780  0.3226  4.2946  0.5866
 3.3429  2.6391  1.9157  0.2737  3.8900  1.5354  0.2815  0.3253  4.2900  0.5814
 3.3439  2.6360  1.8890  0.2656  3.8836  1.5416  0.2844  0.3294  4.2854  0.5771
 3.3445  2.6324  1.8623  0.2574  3.8797  1.5475  0.2867  0.3353  4.2806  0.5736
 3.3446  2.6281  1.8362  0.2492  3.8776  1.5531  0.2883  0.3428  4.2757  0.5709

 0.7035  3.0711  0.8340  0.7842  1.7610  3.6618  4.1066  1.4053  1.9037  3.1138
 0.7214  3.0747  0.8472  0.7741  1.7807  3.6522  4.0982  1.4036  1.9137  3.1224
 0.7396  3.0781  0.8604  0.7632  1.8005  3.6426  4.0893  1.4019  1.9235  3.1279
 0.7580  3.0810  0.8737  0.7517  1.8202  3.6330  4.0800  1.4005  1.9332  3.1306
 0.7762  3.0836  0.8870  0.7397  1.8397  3.6234  4.0703  1.3995  1.9427  3.1311
 0.7944  3.0859  0.9003  0.7272  1.8590  3.6137  4.0603  1.3992  1.9520  3.1299

 1.5396  0.5645  3.9114  2.7265  2.0913  2.9185  4.1472  3.4957  2.9472  1.6302
 1.5356  0.5658  3.9022  2.7111  2.0992  2.9135  4.1478  3.5111  2.9262  1.6302
 1.5316  0.5671  3.8931  2.6960  2.1073  2.9083  4.1479  3.5265  2.9052  1.6299
 1.5274  0.5685  3.8842  2.6812  2.1156  2.9027  4.1477  3.5420  2.8843  1.6295
 1.5232  0.5699  3.8755  2.6665  2.1241  2.8966  4.1474  3.5575  2.8634  1.6289
 1.5189  0.5715  3.8670  2.6517  2.1327  2.8900  4.1469  3.5730  2.8428  1.6280

 3.8199  2.3564  0.9357  3.3876  4.0479  0.4654  0.3399  1.2366  1.9858 -1.6904
 3.8248  2.3481  0.9544  3.3869  4.0367  0.4588  0.4694  1.2002  2.0607 -1.7456
 3.8296  2.3394  0.9724  3.3865  4.0258  0.4533  0.5831  1.1632  2.1436 -1.7792
 3.8340  2.3304  0.9898  3.3864  4.0152  0.4485  0.6491  1.1258  2.2290 -1.7948
 3.8378  2.3212  1.0063  3.3868  4.0049  0.4444  0.6467  1.0882  2.3113 -1.7977
 3.8409  2.3118  1.0218  3.3875  3.9951  0.4408  0.5603  1.0503  2.3867 -1.7945

 0.7119  1.7867  0.2754 -0.4798 -0.4285 -0.2861 -0.1115 -0.0005 -2.0480 -0.0154
 0.7348  1.6956  0.3506 -0.4079 -0.4356 -0.2321 -0.1204 -0.0011 -2.1577 -0.0931
 0.7639  1.5869  0.4240 -0.3364 -0.4361 -0.1700 -0.1343 -0.0022 -2.2690 -0.1920
 0.7967  1.4676  0.4974 -0.2674 -0.4312 -0.0999 -0.1505 -0.0037 -2.3736 -0.3156
 0.8301  1.3449  0.5722 -0.2030 -0.4224 -0.0217 -0.1671 -0.0056 -2.4667 -0.4624
 0.8609  1.2244  0.6494 -0.1446 -0.4109  0.0649 -0.1826 -0.0079 -2.5467 -0.6239

 0.1956 -1.6244 -0.1055  0.4859 -0.1800 -0.6377  0.3343 -1.0689 -2.1333 -1.5354
 0.2361 -1.8863 -0.1193  0.4773 -0.1552 -0.7499  0.3277 -1.0610 -1.9596 -1.5038
 0.2757 -2.1242 -0.1290  0.4681 -0.1343 -0.8328  0.3238 -1.0529 -1.7965 -1.4714
 0.3140 -2.3151 -0.1342  0.4582 -0.1173 -0.8896  0.3222 -1.0460 -1.6532 -1.4382
 0.3508 -2.4530 -0.1339  0.4475 -0.1043 -0.9251  0.3223 -1.0420 -1.5342 -1.4043
 0.3856 -2.5445 -0.1276  0.4362 -0.0949 -0.9440  0.3235 -1.0421 -1.4400 -1.3699

 1.0898  0.5869  0.5258  0.7263 -0.0596  1.7997 -0.2903  0.6145  1.5835  1.3076
 1.1333  0.5984  0.4466  0.8447 -0.0387  1.7813 -0.3112  0.6218  1.7673  1.3152
 1.1660  0.5979  0.3752  0.9351  0.0023  1.7650 -0.3381  0.6243  1.9224  1.3123
 1.1882  0.5865  0.3204  1.0011  0.0646  1.7527 -0.3678  0.6245  2.0273  1.3023
 1.2016  0.5649  0.2916  1.0474  0.1453  1.7460 -0.3917  0.6244  2.0584  1.2876
 1.2084  0.5333  0.2954  1.0789  0.2357  1.7459 -0.3906  0.6254  1.9780  1.2702

 0.3645 -0.7314  0.6560 -0.4203 -0.1457  1.4230 -0.0132  1.3858 -0.2554  2.2376
 0.1296 -0.7176  0.7504 -0.2093 -0.1810  1.4260 -0.3560  1.6025 -0.2714  2.2423
-0.1236 -0.6882  0.8428  0.0172 -0.2023  1.4329 -0.5981  1.7063 -0.2904  2.2485
-0.3707 -0.6445  0.9303  0.2364 -0.2121  1.4432 -0.7586  1.7134 -0.3106  2.2562
-0.5887 -0.5902  1.0103  0.4269 -0.2120  1.4560 -0.8624  1.6472 -0.3307  2.2651
-0.7625 -0.5302  1.0813  0.5750 -0.2027  1.4704 -0.9301  1.5291 -0.3502  2.2750

 0.5639 -1.1622  0.1164  0.9339 -0.6814 -0.7619 -0.4679  0.4335 -0.2625 -1.0550
 0.6564 -1.0570  0.1144  0.7184 -0.7092 -0.7341 -0.4841  0.4691 -0.2818 -0.9398
 0.7322 -0.9105  0.1111  0.5371 -0.7268 -0.7061 -0.4969  0.5019 -0.3031 -0.8087
 0.7864 -0.7225  0.1066  0.4011 -0.7374 -0.6778 -0.5060  0.5314 -0.3259 -0.6649
 0.8171 -0.4998  0.1007  0.3098 -0.7432 -0.6492 -0.5114  0.5577 -0.3499 -0.5140
 0.8256 -0.2568  0.0934  0.2548 -0.7461 -0.6203 -0.5133  0.5809 -0.3745 -0.3629

 0.2910 -1.1545  0.4204  1.3640 -0.9355 -1.4616  0.1066 -0.2432 -2.6632 -0.7728
 0.1612 -1.1503  0.4810  1.3733 -1.0148 -1.4519  0.1067 -0.2812 -2.6739 -0.8002
 0.0298 -1.1458  0.5189  1.3782 -1.1163 -1.4405  0.0828 -0.3336 -2.6695 -0.8142
-0.0940 -1.1411  0.5372  1.3798 -1.2385 -1.4270  0.0345 -0.3975 -2.6395 -0.8174
-0.2048 -1.1362  0.5406  1.3793 -1.3775 -1.4113 -0.0333 -0.4678 -2.5629 -0.8114
-0.3010 -1.1312  0.5337  1.3776 -1.5271 -1.3936 -0.1085 -0.5386 -2.3979 -0.7974

-1.0761  0.6547  0.3868  0.1954 -0.4628 -0.5493  1.8061  0.3510  1.3215 -1.0472
-0.7845  0.6279  0.3227  0.3409 -0.4627 -0.4716  1.8263  0.3135  1.3276 -1.1185
-0.5140  0.6025  0.2560  0.4992 -0.4699 -0.3896  1.8301  0.2766  1.3300 -1.1772
-0.3003  0.5783  0.1933  0.6673 -0.4838 -0.3117  1.8237  0.2425  1.3268 -1.2287
-0.1532  0.5552  0.1399  0.8394 -0.5032 -0.2460  1.8112  0.2130  1.3180 -1.2782
-0.0667  0.5333  0.0988  1.0074 -0.5267 -0.1979  1.7953  0.1893  1.3050 -1.3307

 1.9727 -0.9620 -0.8646 -0.1691  0.9917  0.7057 -0.4040  0.1282 -0.9130 -1.5237
 1.9769 -0.9613 -0.9130 -0.1587  0.9737  0.4130 -0.4109  0.1358 -0.8974 -1.4945
 1.9631 -0.9611 -0.9535 -0.1226  0.9574  0.1567 -0.4180  0.1428 -0.8805 -1.4776
 1.9381 -0.9615 -0.9854 -0.0616  0.9427 -0.0354 -0.4254  0.1492 -0.8618 -1.4711
 1.9065 -0.9623 -1.0088  0.0207  0.9296 -0.1599 -0.4334  0.1552 -0.8411 -1.4725
 1.8716 -0.9637 -1.0241  0.1166  0.9178 -0.2296 -0.4421  0.1606 -0.8182 -1.4793

 0.7974 -0.5098  0.0369  1.5396 -2.1007 -0.0143  0.4860 -0.8494  1.8384 -0.0544
 0.8190 -0.5420 -0.0039  1.5432 -2.0958 -0.0321  0.4596 -0.8874  1.7707 -0.0243
 0.8385 -0.5841 -0.0272  1.5475 -2.0875 -0.0529  0.4125 -0.9134  1.6912  0.0123
 0.8565 -0.6347 -0.0398  1.5525 -2.0748 -0.0761  0.3456 -0.9293  1.6016  0.0542
 0.8739 -0.6910 -0.0465  1.5581 -2.0578 -0.1012  0.2631 -0.9372  1.5072  0.0992
 0.8912 -0.7491 -0.0503  1.5642 -2.0374 -0.1279  0.1728 -0.9389  1.4167  0.1444

-1.1068 -0.6051
-1.0773 -0.5150
-1.0431 -0.4440
-1.0043 -0.3865
-0.9597 -0.3384
-0.9057 -0.2968
[ CPUFloatType{6,192} ]
