Atom positions and velocities over time grids from ground truth
 3.7889  0.8207  2.3964  1.1312  3.1087  2.1081
 3.7922  0.8350  2.4140  1.1206  3.1159  2.1273
 3.7947  0.8489  2.4318  1.1087  3.1229  2.1467
 3.7965  0.8625  2.4499  1.0953  3.1299  2.1661
 3.7981  0.8758  2.4684  1.0808  3.1368  2.1853
 3.7999  0.8887  2.4873  1.0651  3.1437  2.2041

 2.9711  1.3110  4.0561  4.1142  0.1427  0.8520
 2.9691  1.3032  4.0525  4.1123  0.1390  0.8520
 2.9680  1.2957  4.0489  4.1093  0.1363  0.8519
 2.9678  1.2887  4.0452  4.1058  0.1345  0.8519
 2.9685  1.2822  4.0413  4.1022  0.1331  0.8519
 2.9700  1.2764  4.0372  4.0987  0.1320  0.8519

 1.9884  3.0297  3.3531  3.3834  0.8139  0.8978
 1.9703  3.0330  3.3528  3.3760  0.8140  0.9031
 1.9524  3.0356  3.3528  3.3680  0.8139  0.9083
 1.9343  3.0375  3.3533  3.3589  0.8135  0.9135
 1.9159  3.0388  3.3542  3.3484  0.8130  0.9185
 1.8969  3.0396  3.3556  3.3359  0.8122  0.9235

 3.8337  0.2544  2.3413  2.4014  2.8729  2.2835
 3.8301  0.2574  2.3458  2.3906  2.8449  2.2667
 3.8269  0.2587  2.3499  2.3798  2.8175  2.2500
 3.8239  0.2582  2.3538  2.3690  2.7910  2.2337
 3.8214  0.2558  2.3575  2.3582  2.7656  2.2176
 3.8192  0.2517  2.3610  2.3474  2.7417  2.2017

 3.7362  3.9704  0.5024  1.1960  3.5924  1.9860
 3.7442  3.9727  0.5111  1.1938  3.5927  2.0049
 3.7527  3.9760  0.5194  1.1932  3.5928  2.0237
 3.7616  3.9803  0.5272  1.1944  3.5925  2.0423
 3.7711  3.9853  0.5343  1.1976  3.5920  2.0608
 3.7812  3.9907  0.5408  1.2026  3.5914  2.0791

 4.2454  4.0757  0.7178  1.6321  3.2852  1.5440
 4.2426  4.0795  0.7241  1.6408  3.2947  1.5380
 4.2399  4.0839  0.7318  1.6510  3.3039  1.5316
 4.2373  4.0890  0.7412  1.6624  3.3125  1.5249
 4.2346  4.0946  0.7524  1.6745  3.3204  1.5179
 4.2319  4.1005  0.7653  1.6872  3.3269  1.5106

 4.1294  4.2923  0.7283  1.1308  1.3815  2.4069
 4.1315  4.2828  0.7331  1.1457  1.4037  2.4057
 4.1342  4.2735  0.7362  1.1603  1.4235  2.4054
 4.1377  4.2647  0.7377  1.1747  1.4398  2.4071
 4.1419  4.2568  0.7380  1.1891  1.4516  2.4121
 4.1471  4.2500  0.7374  1.2034  1.4582  2.4209

 2.6543  3.0593  1.8372  4.1766  2.1617  0.3631
 2.6504  3.0817  1.8378  4.1646  2.1628  0.3826
 2.6471  3.1041  1.8391  4.1522  2.1639  0.4009
 2.6444  3.1265  1.8412  4.1395  2.1650  0.4177
 2.6419  3.1488  1.8442  4.1268  2.1662  0.4326
 2.6395  3.1712  1.8483  4.1142  2.1674  0.4454

 0.6157  4.1319  3.4176  4.2066  0.3813  3.6349
 0.6142  4.1227  3.4142  4.2090  0.3792  3.6205
 0.6111  4.1139  3.4105  4.2118  0.3771  3.6066
 0.6067  4.1053  3.4066  4.2148  0.3749  3.5933
 0.6013  4.0970  3.4025  4.2182  0.3727  3.5806
 0.5951  4.0890  3.3981  4.2220  0.3703  3.5686

 1.2673  0.4590  1.3683  0.2359  1.1163  4.1971
 1.2717  0.4473  1.3675  0.2478  1.1081  4.1817
 1.2769  0.4357  1.3674  0.2601  1.1001  4.1665
 1.2824  0.4240  1.3682  0.2730  1.0920  4.1515
 1.2877  0.4124  1.3701  0.2861  1.0837  4.1367
 1.2923  0.4008  1.3730  0.2995  1.0752  4.1219

 3.3430  2.6555  2.0970  0.3137  3.9841  1.4840
 3.3412  2.6528  2.0722  0.3114  3.9716  1.4924
 3.3401  2.6504  2.0469  0.3075  3.9571  1.5004
 3.3398  2.6482  2.0213  0.3023  3.9416  1.5080
 3.3400  2.6461  1.9953  0.2961  3.9259  1.5153
 3.3407  2.6439  1.9690  0.2891  3.9115  1.5223

 0.2471  0.3316  0.0162  0.6280  0.6319  3.0485
 0.2529  0.3277  0.0106  0.6204  0.6422  3.0534
 0.2586  0.3246  0.0052  0.6130  0.6550  3.0581
 0.2640  0.3224  0.0000  0.6057  0.6698  3.0627
 0.2691  0.3213  4.3040  0.5988  0.6862  3.0670
 0.2738  0.3213 -0.0096  0.5924  0.7035  3.0711

 0.7666  0.8115  1.6821  3.7103  4.1392  1.4062
 0.7805  0.8108  1.6930  3.7006  4.1340  1.4076
 0.7942  0.8071  1.7071  3.6908  4.1281  1.4080
 0.8076  0.8010  1.7237  3.6811  4.1216  1.4077
 0.8208  0.7932  1.7419  3.6715  4.1144  1.4067
 0.8340  0.7841  1.7610  3.6618  4.1066  1.4053

 1.8503  3.0432  1.5588  0.5597  3.9596  2.8125
 1.8615  3.0591  1.5551  0.5604  3.9497  2.7940
 1.8724  3.0746  1.5513  0.5613  3.9399  2.7761
 1.8830  3.0893  1.5475  0.5622  3.9302  2.7589
 1.8935  3.1026  1.5436  0.5633  3.9207  2.7424
 1.9037  3.1138  1.5396  0.5645  3.9114  2.7265

 2.0569  2.9422  4.1225  3.4191  3.0540  1.6300
 2.0630  2.9374  4.1319  3.4344  3.0322  1.6299
 2.0695  2.9327  4.1386  3.4497  3.0107  1.6299
 2.0765  2.9280  4.1430  3.4650  2.9894  1.6300
 2.0838  2.9233  4.1457  3.4804  2.9683  1.6302
 2.0913  2.9185  4.1472  3.4957  2.9472  1.6302

 3.7969  2.3880  0.8359  3.3933  4.1052  0.5260
 3.8010  2.3830  0.8565  3.3919  4.0939  0.5089
 3.8055  2.3774  0.8768  3.3907  4.0824  0.4946
 3.8101  2.3711  0.8968  3.3895  4.0709  0.4828
 3.8149  2.3641  0.9164  3.3885  4.0593  0.4732
 3.8199  2.3564  0.9356  3.3876  4.0479  0.4654

 0.2895  1.4105  1.7715 -1.1273  0.7101  1.9313
 0.2148  1.3759  1.7980 -1.2644  0.6985  1.9368
 0.1689  1.3418  1.8303 -1.3950  0.6913  1.9285
 0.1717  1.3074  1.8709 -1.5127  0.6903  1.9027
 0.2315  1.2724  1.9223 -1.6123  0.6969  1.8560
 0.3399  1.2366  1.9858 -1.6904  0.7119  1.7867

-0.1582 -0.7669 -0.3603 -0.2444 -0.3184 -0.0024
-0.0668 -0.7241 -0.3677 -0.3215 -0.2230 -0.0019
 0.0251 -0.6731 -0.3806 -0.3569 -0.1601 -0.0012
 0.1135 -0.6144 -0.3976 -0.3562 -0.1253 -0.0006
 0.1969 -0.5493 -0.4149 -0.3295 -0.1114 -0.0003
 0.2754 -0.4797 -0.4284 -0.2861 -0.1114 -0.0005

-1.8023  0.2944 -0.0150 -0.7677  0.0005  0.5247
-1.8010  0.2234  0.0276 -0.8552 -0.0230  0.5168
-1.8233  0.1610  0.0702 -0.9810 -0.0463  0.5092
-1.8732  0.1043  0.1125 -1.1526 -0.0683  0.5017
-1.9500  0.0478  0.1543 -1.3710 -0.0882  0.4940
-2.0480 -0.0154  0.1956 -1.6244 -0.1054  0.4859

-0.3433  0.2151  0.4306 -1.0773 -2.7692 -1.6758
-0.3079  0.0403  0.4010 -1.0799 -2.6992 -1.6505
-0.2730 -0.1454  0.3771 -1.0807 -2.5966 -1.6237
-0.2395 -0.3285  0.3584 -1.0792 -2.4633 -1.5955
-0.2082 -0.4958  0.3443 -1.0752 -2.3054 -1.5660
-0.1800 -0.6377  0.3343 -1.0689 -2.1333 -1.5354

 0.8226  0.2813  0.8512 -0.1424  0.0172  1.8849
 0.8673  0.3811  0.8032  0.0339 -0.0125  1.8705
 0.9207  0.4606  0.7461  0.2219 -0.0375  1.8545
 0.9789  0.5201  0.6796  0.4081 -0.0555  1.8371
 1.0370  0.5615  0.6052  0.5794 -0.0639  1.8187
 1.0898  0.5868  0.5258  0.7263 -0.0596  1.7997

-0.2733  0.4089  0.7015  0.9457  0.9326 -0.6185
-0.2669  0.4764  0.8585  1.0774  0.8934 -0.6557
-0.2649  0.5321  1.0273  1.1756  0.8238 -0.6889
-0.2676  0.5728  1.2048  1.2432  0.7155 -0.7147
-0.2758  0.5993  1.3915  1.2854  0.5626 -0.7298
-0.2902  0.6145  1.5835  1.3076  0.3644 -0.7313

 0.2420 -0.9411  0.3958  1.4726  2.0992 -0.0733
 0.3095 -0.9011  0.2298  1.4548  1.8050  0.0705
 0.3867 -0.8355  0.0915  1.4405  1.4021  0.3349
 0.4716 -0.7366 -0.0149  1.4303  0.9214  0.6894
 0.5621 -0.5986 -0.0921  1.4244  0.4264  1.0653
 0.6559 -0.4202 -0.1457  1.4230 -0.0132  1.3858

-0.3585  2.2426  0.0915 -1.2187  0.1102  1.8892
-0.2973  2.2375  0.1694 -1.2548  0.1135  1.7542
-0.2607  2.2344  0.2590 -1.2713  0.1157  1.5851
-0.2452  2.2335  0.3580 -1.2644  0.1170  1.3853
-0.2452  2.2346  0.4618 -1.2296  0.1172  1.1631
-0.2553  2.2376  0.5638 -1.1622  0.1163  0.9338

-0.2289 -0.8992 -0.3531  0.2596 -0.2103 -1.4115
-0.3768 -0.8717 -0.3780  0.2894 -0.2138 -1.3622
-0.4923 -0.8443 -0.4028  0.3226 -0.2209 -1.3046
-0.5782 -0.8169 -0.4266  0.3587 -0.2316 -1.2358
-0.6394 -0.7894 -0.4485  0.3962 -0.2456 -1.1534
-0.6814 -0.7618 -0.4678  0.4335 -0.2624 -1.0550

 0.4791 -1.1668 -0.0463  1.2144 -0.8091 -1.5311
 0.5357 -1.1658  0.0371  1.2594 -0.8081 -1.5099
 0.5401 -1.1640  0.1358  1.2972 -0.8171 -1.4932
 0.4941 -1.1615  0.2399  1.3270 -0.8392 -1.4806
 0.4066 -1.1583  0.3381  1.3490 -0.8776 -1.4706
 0.2909 -1.1545  0.4204  1.3640 -0.9355 -1.4616

-0.1403 -0.2539 -2.5051 -0.3101 -1.3502  0.8197
-0.0685 -0.2319 -2.5456 -0.4537 -1.4998  0.7808
-0.0051 -0.2173 -2.5823 -0.5718 -1.5589  0.7455
 0.0470 -0.2126 -2.6150 -0.6627 -1.5036  0.7131
 0.0854 -0.2206 -2.6425 -0.7284 -1.3332  0.6829
 0.1065 -0.2431 -2.6632 -0.7727 -1.0761  0.6546

 0.5744 -0.3503 -0.5519 -0.7503  1.1538  0.4801
 0.5532 -0.2628 -0.5274 -0.7336  1.3802  0.4658
 0.5257 -0.1648 -0.5043 -0.7073  1.5573  0.4453
 0.4896 -0.0563 -0.4846 -0.6687  1.6820  0.4187
 0.4433  0.0633 -0.4704 -0.6160  1.7615  0.3867
 0.3868  0.1954 -0.4628 -0.5492  1.8061  0.3510

 1.3810 -0.2204  1.2479 -0.9755 -0.5554  0.0939
 1.3543 -0.4898  1.5349 -0.9712 -0.6195  0.0067
 1.3321 -0.6946  1.7388 -0.9678 -0.6849 -0.0652
 1.3191 -0.8451  1.8685 -0.9652 -0.7489 -0.1200
 1.3167 -0.9584  1.9410 -0.9633 -0.8094 -0.1554
 1.3215 -1.0472  1.9727 -0.9620 -0.8646 -0.1691

 1.1033  1.5732 -0.3775  0.0798 -0.9871 -1.8185
 1.0788  1.5091 -0.3805  0.0911 -0.9715 -1.7529
 1.0551  1.3983 -0.3851  0.1015 -0.9565 -1.6851
 1.0326  1.2268 -0.3909  0.1111 -0.9420 -1.6211
 1.0113  0.9902 -0.3972  0.1200 -0.9277 -1.5662
 0.9916  0.7057 -0.4039  0.1282 -0.9130 -1.5237

 0.6299 -0.4775  0.8046  1.5308 -2.1656 -0.0046
 0.6733 -0.4714  0.5565  1.5315 -2.1399  0.0087
 0.7113 -0.4701  0.3557  1.5327 -2.1215  0.0127
 0.7442 -0.4749  0.2066  1.5344 -2.1103  0.0092
 0.7727 -0.4877  0.1036  1.5366 -2.1044 -0.0001
 0.7973 -0.5097  0.0369  1.5396 -2.1007 -0.0142

 0.4292 -0.5254  2.0466 -0.1304 -1.1380 -1.5694
 0.4521 -0.5942  2.0162 -0.1207 -1.1532 -1.3047
 0.4728 -0.6667  1.9818 -0.1098 -1.1552 -1.0687
 0.4882 -0.7367  1.9420 -0.0961 -1.1471 -0.8742
 0.4941 -0.7988  1.8949 -0.0780 -1.1304 -0.7219
 0.4860 -0.8494  1.8384 -0.0544 -1.1068 -0.6051
[ CPUFloatType{6,192} ]